Date,close,volume,open,high,low,daily_return,weekly_return,month,monthly_return
2024-12-13,73.62,7671173,73.05,73.75,72.94,,,2024-12,0.0468622656886714
2024-12-12,73.22,6969872,73.84,74.08,73.09,-0.005433306166802598,,2024-12,0.0468622656886714
2024-12-11,73.98,7472931,74.2,74.55,73.58,0.010379677683693078,,2024-12,0.0468622656886714
2024-12-10,74.14,8619649,74.5,74.52,73.35,0.0021627466882940816,,2024-12,0.0468622656886714
2024-12-09,74.7,9269802,75.5,75.63,74.56,0.007553277582951212,,2024-12,0.0468622656886714
2024-12-06,75.24,7079516,76.19,76.5,74.92,0.0072289156626506035,0.022004889975550057,2024-12,0.0468622656886714
2024-12-05,76.2,6487534,75.64,76.54,75.42,0.012759170653907637,0.04069926249658562,2024-12,0.0468622656886714
2024-12-04,75.74,8310426,76.0,76.02,75.1,-0.0060367454068243065,0.02379021357123534,2024-12,0.0468622656886714
2024-12-03,76.29,9806907,77.07,77.57,76.23,0.007261684710853089,0.028999190720259138,2024-12,0.0468622656886714
2024-12-02,77.07,11361510,78.92,79.05,76.895,0.010224144710971217,0.031726907630521994,2024-12,0.0468622656886714
2024-11-29,78.67,6186543,78.58,78.99,78.32,0.02076034773582469,0.04558745348219051,2024-11,-0.016778950044489732
2024-11-27,78.52,8689888,78.13,79.38,77.86,-0.0019066988686921027,0.0304461942257217,2024-11,-0.016778950044489732
2024-11-26,77.49,10563820,77.0,77.78,76.47,-0.013117677024961805,0.02310536044362288,2024-11,-0.016778950044489732
2024-11-25,76.64,20803130,76.73,77.1,75.83,-0.010969157310620647,0.004587757242102475,2024-11,-0.016778950044489732
2024-11-22,76.0,8165408,77.23,77.54,75.76,-0.008350730688935326,-0.013883482548332604,2024-11,-0.016778950044489732
2024-11-21,77.36,8908942,76.79,77.51,76.36,0.017894736842105186,-0.01665183678657689,2024-11,-0.016778950044489732
2024-11-20,76.88,7065237,77.19,77.5,76.36,-0.006204756980351611,-0.020886398369842074,2024-11,-0.016778950044489732
2024-11-19,77.08,7942453,76.31,77.32,75.72,0.002601456815816805,-0.005291005291005235,2024-11,-0.016778950044489732
2024-11-18,76.39,9044451,76.3,76.67,75.31,-0.00895173845355468,-0.003262004175365374,2024-11,-0.016778950044489732
2024-11-15,76.35,12930530,75.45,76.69,75.29,-0.000523628747218341,0.004605263157894557,2024-11,-0.016778950044489732
2024-11-14,75.28,13780490,73.88,76.18,73.65,-0.014014407334642986,-0.026887280248190204,2024-11,-0.016778950044489732
2024-11-13,74.24,12451790,74.63,75.035,73.92,-0.013815090329436841,-0.03433922996878258,2024-11,-0.016778950044489732
2024-11-12,74.26,12569790,75.61,75.8,73.62,0.0002693965517241992,-0.03658536585365846,2024-11,-0.016778950044489732
2024-11-11,75.91,10275680,76.98,77.15,75.74,0.022219229733369206,-0.006283544966618759,2024-11,-0.016778950044489732
2024-11-08,76.97,14657140,74.98,77.19,74.68,0.01396390462389685,0.008120497707924113,2024-11,-0.016778950044489732
2024-11-07,74.62,16311250,73.61,75.09,73.57,-0.030531375860724852,-0.008767268862911792,2024-11,-0.016778950044489732
2024-11-06,74.52,28637810,74.3,74.98,72.69,-0.0013401232913429206,0.0037715517241379004,2024-11,-0.016778950044489732
2024-11-05,78.65,9051659,77.77,78.785,76.97,0.05542136339237791,0.05911661729060058,2024-11,-0.016778950044489732
2024-11-04,78.37,11759140,77.35,78.82,77.1,-0.003560076287349001,0.032406797523383046,2024-11,-0.016778950044489732
2024-11-01,77.35,14615300,79.39,79.455,76.965,-0.013015184381778844,0.004936988437053369,2024-11,-0.016778950044489732
2024-10-31,79.25,13034690,78.39,79.8461,78.14,0.024563671622495287,0.06204770838917173,2024-10,0.07596214511041005
2024-10-30,79.09,11650480,79.75,79.89,78.89,-0.002018927444794927,0.061325818572195434,2024-10,0.07596214511041005
2024-10-29,79.56,19232880,79.95,80.7,79.47,0.0059425970413453655,0.01157024793388417,2024-10,0.07596214511041005
2024-10-28,82.87,8679617,82.04,83.84,81.61,0.041603821015585796,0.05741993109608279,2024-10,0.07596214511041005
2024-10-25,81.43,6581101,82.9,83.13,81.29,-0.017376613973693722,0.052747252747253004,2024-10,0.07596214511041005
2024-10-24,82.81,9705333,84.0,84.545,82.5,0.01694707110401561,0.04492113564668765,2024-10,0.07596214511041005
2024-10-23,84.96,10825060,84.59,86.0,83.0,0.02596304794106974,0.07421924389935497,2024-10,0.07596214511041005
2024-10-22,83.7,8358531,83.2,84.23,83.135,-0.01483050847457612,0.05203619909502266,2024-10,0.07596214511041005
2024-10-21,84.03,7053832,84.76,84.96,83.66,0.003942652329748997,0.013997827923253325,2024-10,0.07596214511041005
2024-10-18,84.38,8595305,83.92,84.41,83.55,0.004165179102701311,0.0362274346064102,2024-10,0.07596214511041005
2024-10-17,83.78,6153217,84.3,84.63,83.695,-0.00711068973690443,0.011713561164110597,2024-10,0.07596214511041005
2024-10-16,84.39,8061561,83.08,84.635,82.725,0.00728097397947014,-0.0067090395480224885,2024-10,0.07596214511041005
2024-10-15,82.79,15825030,83.0,84.05,82.665,-0.01895959236876399,-0.010872162485065617,2024-10,0.07596214511041005
2024-10-14,82.91,5814827,81.9,83.19,81.61,0.0014494504167168465,-0.01332857312864455,2024-10,0.07596214511041005
2024-10-11,81.86,7057095,80.98,81.88,80.39,-0.012664334820890133,-0.029864896894998716,2024-10,0.07596214511041005
2024-10-10,80.94,7928446,81.0,82.56,80.82,-0.011238700219887598,-0.03389830508474578,2024-10,0.07596214511041005
2024-10-09,80.58,10102450,79.66,81.1,79.66,-0.004447739065974843,-0.045147529328119496,2024-10,0.07596214511041005
2024-10-08,80.5,10098330,80.78,81.8073,80.49,-0.0009928021841647539,-0.02766034545234941,2024-10,0.07596214511041005
2024-10-07,80.29,11971570,83.55,83.55,80.185,-0.002608695652173809,-0.03160053069593527,2024-10,0.07596214511041005
2024-10-04,83.85,8341913,83.485,84.08,83.01,0.0443392701457217,0.02430979721475679,2024-10,0.07596214511041005
2024-10-03,85.05,7031487,85.65,86.1,84.75,0.014311270125223707,0.05077835433654565,2024-10,0.07596214511041005
2024-10-02,85.43,8403754,84.77,85.59,84.49,0.0044679600235157935,0.060188632414991394,2024-10,0.07596214511041005
2024-10-01,85.27,9112611,84.11,85.75,83.82,-0.0018728783799603077,0.05925465838509303,2024-10,0.07596214511041005
2024-09-30,84.53,13884710,84.5,84.95,84.01,-0.008678315937609926,0.05280856893760122,2024-09,-0.05441854962735117
2024-09-27,84.54,8200940,83.77,84.839,83.76,0.00011830119484201873,0.008228980322003698,2024-09,-0.05441854962735117
2024-09-26,83.46,8462456,84.25,84.6,83.241,-0.012775017743080319,-0.01869488536155206,2024-09,-0.05441854962735117
2024-09-25,84.62,8354739,84.61,85.21,83.85,0.01389887371195786,-0.009481446798548565,2024-09,-0.05441854962735117
2024-09-24,84.29,8205325,84.2,85.27,83.92,-0.0038997872843299364,-0.011492904890348155,2024-09,-0.05441854962735117
2024-09-23,84.82,7915992,83.66,84.935,82.94,0.0062878158737689205,0.0034307346504198755,2024-09,-0.05441854962735117
2024-09-20,82.76,26032280,82.25,83.755,82.05,-0.02428672482904959,-0.02105512183581737,2024-09,-0.05441854962735117
2024-09-19,82.29,13965220,83.63,83.8,81.465,-0.005679072015466358,-0.014018691588784882,2024-09,-0.05441854962735117
2024-09-18,84.28,9286154,84.49,84.99,83.51,0.024182768258597553,-0.004017962656582386,2024-09,-0.05441854962735117
2024-09-17,84.97,7415059,84.79,85.0,84.175,0.008186995728523883,0.008067386404081,2024-09,-0.05441854962735117
2024-09-16,84.64,8791397,85.09,85.56,84.365,-0.0038837236671765973,-0.0021221410044799383,2024-09,-0.05441854962735117
2024-09-13,84.65,6734402,83.9,84.73,83.5,0.00011814744801519339,0.022837119381343696,2024-09,-0.05441854962735117
2024-09-12,83.46,7857125,83.43,83.97,82.71,-0.014057885410514004,0.0142180094786728,2024-09,-0.05441854962735117
2024-09-11,83.43,10216520,82.7,83.565,81.73,-0.0003594536304815099,-0.010085429520645395,2024-09,-0.05441854962735117
2024-09-10,82.3,9588045,81.47,82.39,81.045,-0.013544288625194856,-0.03142285512533838,2024-09,-0.05441854962735117
2024-09-09,81.19,6917950,80.11,81.24,79.26,-0.013487241798298855,-0.040760869565217406,2024-09,-0.05441854962735117
2024-09-06,79.98,8181470,80.86,81.19,79.805,-0.014903313215913205,-0.055168340224453605,2024-09,-0.05441854962735117
2024-09-05,80.33,8494898,81.96,82.14,80.23,0.0043760940235058055,-0.037502995446920595,2024-09,-0.05441854962735117
2024-09-04,81.08,7517703,80.41,81.54,80.3203,0.009336486991161408,-0.02816732590195381,2024-09,-0.05441854962735117
2024-09-03,79.93,9883868,80.77,81.1798,79.63,-0.014183522446965857,-0.028797083839611104,2024-09,-0.05441854962735117
2024-08-30,80.51,6808205,79.59,80.735,79.47,0.00725634930564234,-0.008375415691587507,2024-08,-0.02633213265432871
2024-08-29,80.03,5179197,79.53,80.18,78.705,-0.005961992299093333,0.0006251562890722262,2024-08,-0.02633213265432871
2024-08-28,79.41,5462405,79.73,80.13,79.195,-0.0077470948394352535,-0.01145275737582474,2024-08,-0.02633213265432871
2024-08-27,79.61,5086035,80.36,80.6362,79.585,0.0025185744868405635,-0.01813024173655642,2024-08,-0.02633213265432871
2024-08-26,80.64,5378679,80.0,81.07,79.96,0.012938073106393722,0.008882772425872654,2024-08,-0.02633213265432871
2024-08-23,79.66,5052935,79.46,80.32,79.16,-0.01215277777777779,-0.01055769469631107,2024-08,-0.02633213265432871
2024-08-22,78.92,8006561,79.68,79.94,78.46,-0.009289480291237662,-0.013869798825440482,2024-08,-0.02633213265432871
2024-08-21,79.64,5125298,79.17,79.99,79.13,0.009123162696401454,0.002896360659866648,2024-08,-0.02633213265432871
2024-08-20,78.98,5967470,79.35,79.79,78.96,-0.008287292817679481,-0.00791357869614362,2024-08,-0.02633213265432871
2024-08-19,79.35,5616992,78.57,79.57,78.43,0.004684730311471208,-0.015997023809523836,2024-08,-0.02633213265432871
2024-08-16,78.57,6344213,77.52,78.79,77.24,-0.009829867674858273,-0.013683153401958359,2024-08,-0.02633213265432871
2024-08-15,77.41,5946540,77.54,77.81,77.13,-0.014763904798269056,-0.01913329954384191,2024-08,-0.02633213265432871
2024-08-14,78.01,4620863,78.0,78.58,77.1,0.007750936571502498,-0.020467101958814626,2024-08,-0.02633213265432871
2024-08-13,78.12,5108864,78.35,78.5,77.53,0.0014100756313293328,-0.010888832615852162,2024-08,-0.02633213265432871
2024-08-12,77.58,5955633,77.33,77.61,76.8925,-0.00691244239631339,-0.022306238185255123,2024-08,-0.02633213265432871
2024-08-09,77.46,5041288,77.5,78.03,76.35,-0.0015467904098994678,-0.014127529591447141,2024-08,-0.02633213265432871
2024-08-08,77.54,6935882,77.12,78.23,76.6,0.0010327911179965898,0.0016793695904924189,2024-08,-0.02633213265432871
2024-08-07,77.56,8193227,77.72,78.76,77.29,0.00025793139025021006,-0.005768491219074523,2024-08,-0.02633213265432871
2024-08-06,76.97,9050972,76.85,78.4,76.6699,-0.007607013924703532,-0.014720942140297066,2024-08,-0.02633213265432871
2024-08-05,76.68,11877570,78.55,79.0,76.485,-0.003767701701961723,-0.011600928074245842,2024-08,-0.02633213265432871
2024-08-02,79.2,14513110,79.36,80.56,77.82,0.032863849765258246,0.022463206816421444,2024-08,-0.02633213265432871
2024-08-01,78.39,11136570,76.32,78.42,75.9,-0.010227272727272751,0.01096208408563304,2024-08,-0.02633213265432871
2024-07-31,76.39,15618060,74.87,76.88,74.69,-0.025513458349279206,-0.015085095410005134,2024-07,-0.0849587642361565
2024-07-30,74.28,8505519,74.525,74.525,73.2,-0.027621416415761213,-0.034948681304404317,2024-07,-0.0849587642361565
2024-07-29,74.34,5977542,74.46,74.67,73.56,0.0008077544426494665,-0.030516431924882625,2024-07,-0.0849587642361565
2024-07-26,74.26,7076174,74.23,74.9899,73.52,-0.0010761366693570196,-0.062373737373737304,2024-07,-0.0849587642361565
2024-07-25,73.44,13934190,75.19,75.67,73.295,-0.01104228386749273,-0.06314580941446613,2024-07,-0.0849587642361565
2024-07-24,75.41,17813680,72.73,75.75,72.29,0.02682461873638342,-0.012828904306846467,2024-07,-0.0849587642361565
2024-07-23,72.11,7027548,72.43,73.015,71.905,-0.043760774433099,-0.029213785675821224,2024-07,-0.0849587642361565
2024-07-22,72.9,9034733,72.95,74.15,72.76,0.010955484676189231,-0.01937046004842613,2024-07,-0.0849587642361565
2024-07-19,72.0,7752092,71.92,72.36,71.44,-0.012345679012345734,-0.030433611634796742,2024-07,-0.0849587642361565
2024-07-18,71.67,10212370,71.0,72.36,70.82,-0.004583333333333273,-0.024101307189542398,2024-07,-0.0849587642361565
2024-07-17,70.9,11878860,71.75,72.25,70.48,-0.0107436863401702,-0.059806391725235275,2024-07,-0.0849587642361565
2024-07-16,71.9,10551760,71.54,72.29,70.85,0.014104372355430161,-0.002912217445569132,2024-07,-0.0849587642361565
2024-07-15,70.97,19575360,74.17,74.4,70.76,-0.012934631432545252,-0.026474622770919165,2024-07,-0.0849587642361565
2024-07-12,76.0,11099390,75.0,76.7,74.77,0.07087501761307591,0.05555555555555558,2024-07,-0.0849587642361565
2024-07-11,74.7,12189470,73.5,75.21,73.46,-0.017105263157894735,0.04227710339054003,2024-07,-0.0849587642361565
2024-07-10,72.9,6741131,72.26,73.13,71.68,-0.02409638554216864,0.028208744710860323,2024-07,-0.0849587642361565
2024-07-09,72.12,6220183,72.06,72.99,71.68,-0.010699588477366295,0.003059805285118289,2024-07,-0.0849587642361565
2024-07-08,72.11,5368723,72.15,72.58,71.74,-0.00013865779256805322,0.016063125264196065,2024-07,-0.0849587642361565
2024-07-05,72.09,7689004,72.0,72.35,71.64,-0.0002773540424351184,-0.051447368421052575,2024-07,-0.0849587642361565
2024-07-03,71.83,4487233,70.92,71.91,70.55,-0.0036066028575392206,-0.038420348058902376,2024-07,-0.0849587642361565
2024-07-02,70.47,9415185,70.0,70.595,69.38,-0.018933593206181265,-0.03333333333333344,2024-07,-0.0849587642361565
2024-07-01,69.9,11036450,71.46,71.63,69.5402,-0.008088548318433308,-0.030782029950083167,2024-07,-0.0849587642361565
2024-06-28,70.81,23935560,73.21,73.31,69.865,0.01301859799713867,-0.018028012758285916,2024-06,0.09744386386103646
2024-06-27,73.72,9824715,73.62,74.39,73.23,0.041095890410958846,0.02261062560688032,2024-06,0.09744386386103646
2024-06-26,73.37,11481520,72.8,73.61,71.92,-0.004747693977210976,0.0214395099540583,2024-06,0.09744386386103646
2024-06-25,72.98,11011770,73.57,73.74,72.39,-0.005315524056153764,0.03561799347239969,2024-06,0.09744386386103646
2024-06-24,73.85,12063920,72.5,74.2559,72.25,0.011921074266922238,0.05650929899856916,2024-06,0.09744386386103646
2024-06-21,72.81,19465800,73.36,73.69,72.07,-0.014082599864590262,0.028244598220590333,2024-06,0.09744386386103646
2024-06-20,72.46,14857200,71.0,72.89,70.785,-0.004807032001098888,-0.01709169831795987,2024-06,0.09744386386103646
2024-06-18,70.44,29169780,69.1,70.59,68.9728,-0.02787744962738059,-0.039934578165462864,2024-06,0.09744386386103646
2024-06-17,72.31,8445308,72.73,73.4,72.19,0.026547416240772392,-0.00918059742395183,2024-06,0.09744386386103646
2024-06-14,73.06,6568564,72.76,73.54,72.38,0.010372009403955218,-0.010697359512525262,2024-06,0.09744386386103646
2024-06-13,73.18,10023180,72.56,73.72,72.36,0.001642485628250867,0.0050817195440187035,2024-06,0.09744386386103646
2024-06-12,72.26,13930470,73.79,73.95,71.4,-0.012571740912817764,-0.0027601435274632324,2024-06,0.09744386386103646
2024-06-11,72.74,22781520,75.3,75.32,71.55,0.006642679213949565,0.03265190232822257,2024-06,0.09744386386103646
2024-06-10,76.97,11218860,75.47,77.055,74.85,0.05815232334341491,0.0644447517632416,2024-06,0.09744386386103646
2024-06-07,75.39,10059490,75.56,77.0,75.01,-0.02052747823827461,0.03189159594853552,2024-06,0.09744386386103646
2024-06-06,76.7,6550584,76.94,77.7699,76.6272,0.017376309855418492,0.04810057392730238,2024-06,0.09744386386103646
2024-06-05,77.05,9264742,77.05,77.33,76.6,0.0045632333767926525,0.06628840298920546,2024-06,0.09744386386103646
2024-06-04,77.15,8484305,77.61,77.79,76.525,0.0012978585334200154,0.060626890294198654,2024-06,0.09744386386103646
2024-06-03,77.71,15410520,79.5,79.75,77.52,0.007258587167854769,0.00961413537741973,2024-06,0.09744386386103646
2024-05-31,80.02,16196030,78.29,80.47,78.131,0.02972590400205899,0.06141398063403636,2024-05,-0.1425893526618345
2024-05-30,78.19,21764690,76.87,78.26,76.61,-0.022869282679330194,0.01942633637548874,2024-05,-0.1425893526618345
2024-05-29,76.68,6896342,76.77,76.9,76.16,-0.01931193247218299,-0.004802076573653391,2024-05,-0.1425893526618345
2024-05-28,77.53,11987000,76.62,78.255,76.33,0.011085028690662524,0.0049254698639014105,2024-05,-0.1425893526618345
2024-05-24,76.61,7601101,75.42,77.1025,75.26,-0.011866374306719996,-0.014155192381932746,2024-05,-0.1425893526618345
2024-05-23,75.32,9097766,75.96,75.96,74.62,-0.016838532828612585,-0.058735316170957286,2024-05,-0.1425893526618345
2024-05-22,76.32,8773558,76.41,77.18,76.16,0.01327668613913957,-0.023916101803299727,2024-05,-0.1425893526618345
2024-05-21,76.95,6420057,75.87,76.96,75.45,0.008254716981132226,0.0035211267605632646,2024-05,-0.1425893526618345
2024-05-20,75.87,7179699,75.99,76.19,75.57,-0.014035087719298178,-0.021411066683864277,2024-05,-0.1425893526618345
2024-05-17,76.09,9490319,76.35,76.55,75.54,0.002899696849874678,-0.0067876256363398335,2024-05,-0.1425893526618345
2024-05-16,76.41,10414250,77.06,77.41,76.06,0.00420554606387169,0.014471587891662363,2024-05,-0.1425893526618345
2024-05-15,77.05,12470580,75.97,77.19,75.97,0.008375867033110884,0.00956498951781981,2024-05,-0.1425893526618345
2024-05-14,75.42,8176616,74.94,75.61,74.66,-0.021155094094743587,-0.019883040935672502,2024-05,-0.1425893526618345
2024-05-13,74.58,7685511,74.14,74.67,73.59,-0.011137629276054106,-0.0170027678924477,2024-05,-0.1425893526618345
2024-05-10,73.79,12046750,74.87,75.21,73.65,-0.010592652185572482,-0.03022736233407808,2024-05,-0.1425893526618345
2024-05-09,74.58,16627900,73.0,74.73,72.58,0.010706057731399765,-0.02394974479780132,2024-05,-0.1425893526618345
2024-05-08,72.85,9914979,71.7,72.89,71.48,-0.023196567444355054,-0.05451005840363399,2024-05,-0.1425893526618345
2024-05-07,71.95,13621060,71.69,72.04,71.31,-0.012354152367879068,-0.04600901617608055,2024-05,-0.1425893526618345
2024-05-06,71.25,14042120,70.36,71.3,70.26,-0.00972897845726206,-0.04465004022526142,2024-05,-0.1425893526618345
2024-05-03,70.14,12687500,69.89,70.28,69.31,-0.015578947368421026,-0.049464697113430045,2024-05,-0.1425893526618345
2024-05-02,68.85,10815920,68.88,69.015,67.67,-0.01839178785286577,-0.07683024939662109,2024-05,-0.1425893526618345
2024-05-01,68.61,13993000,66.87,68.86,66.74,-0.0034858387799563406,-0.0582017844886753,2024-05,-0.1425893526618345
2024-04-30,66.97,10042560,66.9,67.485,66.27,-0.023903221104795258,-0.06921473245309251,2024-04,-0.053606092280125375
2024-04-29,67.42,9911004,67.015,67.91,66.96,0.006719426608929435,-0.05375438596491222,2024-04,-0.053606092280125375
2024-04-26,65.99,9982762,67.22,67.3,65.75,-0.02121032334618822,-0.05916737952666107,2024-04,-0.053606092280125375
2024-04-25,66.9,11418540,66.0,67.12,65.51,0.013789968176996625,-0.028322440087145795,2024-04,-0.053606092280125375
2024-04-24,66.56,12149630,65.91,67.1,65.22,-0.005082212257100149,-0.029879026380993934,2024-04,-0.053606092280125375
2024-04-23,66.2,14349200,65.24,67.17,65.1,-0.005408653846153855,-0.011497685530834634,2024-04,-0.053606092280125375
2024-04-22,65.31,14747200,64.59,65.485,63.92,-0.013444108761329288,-0.03129635123108865,2024-04,-0.053606092280125375
2024-04-19,64.3,13419420,64.22,64.9,63.645,-0.015464706783034798,-0.025609940900136352,2024-04,-0.053606092280125375
2024-04-18,64.01,10134980,63.85,64.39,63.13,-0.004510108864696605,-0.04319880418535127,2024-04,-0.053606092280125375
2024-04-17,63.79,15653740,62.24,63.92,61.92,-0.003436962974535329,-0.041616586538461564,2024-04,-0.053606092280125375
2024-04-16,61.7,11594120,62.49,62.58,61.31,-0.03276375607461979,-0.06797583081571001,2024-04,-0.053606092280125375
2024-04-15,62.75,11147110,63.53,64.33,62.3,0.017017828200972307,-0.039197672638187187,2024-04,-0.053606092280125375
2024-04-12,63.08,9039494,64.12,64.31,62.95,0.0052589641434261925,-0.018973561430793096,2024-04,-0.053606092280125375
2024-04-11,63.94,12145600,64.63,64.79,63.315,0.013633481293595429,-0.0010935791282613572,2024-04,-0.053606092280125375
2024-04-10,64.01,10783390,63.5,64.24,63.0,0.0010947763528308396,0.0034488164289074863,2024-04,-0.053606092280125375
2024-04-09,65.38,9188529,65.15,65.8562,64.79,0.021402905795969263,0.059643435980550885,2024-04,-0.053606092280125375
2024-04-08,64.86,8054868,64.15,64.92,63.93,-0.00795350260018346,0.03362549800796821,2024-04,-0.053606092280125375
2024-04-05,64.18,10278090,63.05,64.355,62.9,-0.010484119642306444,0.017438173747622132,2024-04,-0.053606092280125375
2024-04-04,63.73,10690080,63.35,63.975,62.97,-0.007011530071673544,-0.003284329058492297,2024-04,-0.053606092280125375
2024-04-03,62.55,10551440,62.69,62.99,61.855,-0.01851561274125213,-0.022808936103733912,2024-04,-0.053606092280125375
2024-04-02,62.88,9905331,63.27,63.34,62.3557,0.005275779376498813,-0.038237993270113124,2024-04,-0.053606092280125375
2024-04-01,63.38,13175190,63.91,64.045,62.76,0.00795165394402031,-0.02281837804501996,2024-04,-0.053606092280125375
2024-03-28,63.91,12830840,63.67,64.26,63.39,0.008362259387819426,-0.004206918043004215,2024-03,-0.13612893130965414
2024-03-27,63.79,13409040,62.16,63.855,62.02,-0.0018776404318572304,0.0009414718343010442,2024-03,-0.13612893130965414
2024-03-26,61.43,13829570,62.62,62.91,61.3,-0.036996394419188006,-0.017905675459632286,2024-03,-0.13612893130965414
2024-03-25,62.61,11423470,62.0,62.64,61.405,0.019208855608009,-0.00429389312977102,2024-03,-0.13612893130965414
2024-03-22,61.78,10046340,62.22,62.49,61.72,-0.013256668263855631,-0.025244556642473936,2024-03,-0.13612893130965414
2024-03-21,61.36,18090250,62.2,63.385,61.29,-0.006798316607316335,-0.03989985917696759,2024-03,-0.13612893130965414
2024-03-20,62.2,14564500,61.45,62.41,61.36,0.01368970013037818,-0.024925536918012137,2024-03,-0.13612893130965414
2024-03-19,61.27,11433880,60.385,61.385,60.2608,-0.01495176848874602,-0.0026045905909164446,2024-03,-0.13612893130965414
2024-03-18,60.17,17073650,60.08,61.135,59.44,-0.01795332136445249,-0.03897141031784057,2024-03,-0.13612893130965414
2024-03-15,60.08,32424620,59.2,60.13,58.875,-0.0014957620076450073,-0.02751699579151834,2024-03,-0.13612893130965414
2024-03-14,59.54,16996070,59.2,60.24,59.11,-0.00898801597869503,-0.029661016949152574,2024-03,-0.13612893130965414
2024-03-13,59.54,17495260,59.0,60.37,58.95,0.0,-0.04276527331189717,2024-03,-0.13612893130965414
2024-03-12,57.15,9634415,57.67,58.0,56.5503,-0.04014108162579777,-0.06724334911049457,2024-03,-0.13612893130965414
2024-03-11,57.87,9681500,57.57,58.14,56.89,0.012598425196850283,-0.038225029084261286,2024-03,-0.13612893130965414
2024-03-08,57.81,12735610,56.72,58.16,56.31,-0.0010368066355623817,-0.0377829560585885,2024-03,-0.13612893130965414
2024-03-07,56.25,10227280,56.08,56.47,55.53,-0.02698495070057083,-0.055256970104131664,2024-03,-0.13612893130965414
2024-03-06,55.53,11074910,55.98,56.91,55.26,-0.012800000000000034,-0.06734968088679871,2024-03,-0.13612893130965414
2024-03-05,55.4,16026130,55.0,56.505,54.95,-0.0023410768953718852,-0.03062117235345585,2024-03,-0.13612893130965414
2024-03-04,54.97,11674600,54.78,55.07,53.95,-0.007761732851985559,-0.05011232071885263,2024-03,-0.13612893130965414
2024-03-01,55.21,15398190,55.26,55.62,54.28,0.004366017827906132,-0.044974917834284756,2024-03,-0.13612893130965414
2024-02-29,55.19,19993610,55.49,55.86,54.964,-0.00036225321499738783,-0.01884444444444444,2024-02,0.08262366370719337
2024-02-28,55.04,13240400,55.35,55.72,54.71,-0.0027178836745787027,-0.008824059067170986,2024-02,0.08262366370719337
2024-02-27,55.56,12421770,55.44,55.985,54.79,0.009447674418604723,0.002888086642599319,2024-02,0.08262366370719337
2024-02-26,55.15,12753830,55.9,55.9255,54.86,-0.007379409647228274,0.0032745133709295438,2024-02,0.08262366370719337
2024-02-23,56.78,10563930,56.8,57.46,56.51,0.029555757026291873,0.02843687737728673,2024-02,0.08262366370719337
2024-02-22,56.67,10425980,56.79,57.075,56.321,-0.0019373018668544795,0.026816452255843615,2024-02,0.08262366370719337
2024-02-21,57.1,9322699,57.02,57.335,56.64,0.007587788953590913,0.0374273255813955,2024-02,0.08262366370719337
2024-02-20,56.61,13014550,56.74,57.315,56.05,-0.008581436077057858,0.018898488120950185,2024-02,0.08262366370719337
2024-02-16,57.03,9943508,56.86,57.42,56.33,0.007419183889772141,0.034088848594741705,2024-02,0.08262366370719337
2024-02-15,57.27,9880017,56.3,57.66,56.22,0.004208311415044852,0.008629799225079227,2024-02,0.08262366370719337
2024-02-14,56.01,8831274,55.39,56.065,55.09,-0.022001047668936735,-0.011646373742721039,2024-02,0.08262366370719337
2024-02-13,55.25,12759750,56.88,57.14,54.665,-0.013569005534725953,-0.03239929947460596,2024-02,0.08262366370719337
2024-02-12,57.55,9622014,56.59,57.63,56.5,0.04162895927601795,0.016604840134251786,2024-02,0.08262366370719337
2024-02-09,56.58,8003540,55.98,56.63,55.715,-0.016854908774978306,-0.007890583903208848,2024-02,0.08262366370719337
2024-02-08,56.29,8143193,56.42,56.42,55.385,-0.005125486037469096,-0.017111925964728547,2024-02,0.08262366370719337
2024-02-07,56.38,7761335,56.32,56.665,55.63,0.0015988630307337548,0.006605963220853495,2024-02,0.08262366370719337
2024-02-06,56.23,10306850,56.0,56.58,55.51,-0.0026605179141540036,0.017737556561086,2024-02,0.08262366370719337
2024-02-05,55.97,14293580,57.37,57.43,55.885,-0.004623866263560372,-0.027454387489139864,2024-02,0.08262366370719337
2024-02-02,58.15,14952860,58.89,59.03,57.98,0.03894943719849908,0.027748320961470396,2024-02,0.08262366370719337
2024-02-01,59.75,8687613,58.39,59.83,58.01,0.02751504729148757,0.06146740095931791,2024-02,0.08262366370719337
2024-01-31,58.63,11124880,59.7,59.98,58.425,-0.01874476987447693,0.03990776871230928,2024-01,0.05014497697424523
2024-01-30,59.28,7807828,59.5,59.75,58.565,0.011086474501108556,0.05424150809176598,2024-01,0.05014497697424523
2024-01-29,59.57,10102830,58.47,59.79,58.21,0.004892037786774717,0.06432017152045733,2024-01,0.05014497697424523
2024-01-26,58.48,11649980,58.33,59.015,58.22,-0.018297800906496575,0.005674978503869221,2024-01,0.05014497697424523
2024-01-25,57.98,15702620,58.95,59.36,57.06,-0.008549931600547178,-0.0296234309623431,2024-01,0.05014497697424523
2024-01-24,57.01,14471410,58.1,58.41,56.75,-0.016729906864435984,-0.02763090567968629,2024-01,0.05014497697424523
2024-01-23,57.38,16080950,57.28,57.51,56.89,0.0064900894579900115,-0.03205128205128205,2024-01,0.05014497697424523
2024-01-22,56.85,12979900,57.37,57.79,56.655,-0.009236667828511735,-0.045660567399697816,2024-01,0.05014497697424523
2024-01-19,57.26,12762600,57.72,57.785,56.575,0.0072119613016710105,-0.02086183310533518,2024-01,0.05014497697424523
2024-01-18,57.65,9626481,57.96,58.08,57.225,0.00681103737338451,-0.0056916177992411,2024-01,0.05014497697424523
2024-01-17,58.27,11543140,59.46,60.01,57.8,0.010754553339115347,0.022101385721803313,2024-01,0.05014497697424523
2024-01-16,60.35,11633090,60.66,61.2,60.21,0.03569589840398146,0.051760195189961555,2024-01,0.05014497697424523
2024-01-12,61.04,7796869,61.18,61.66,60.915,0.011433305716652908,0.07370272647317488,2024-01,0.05014497697424523
2024-01-11,60.72,10686040,62.0,62.19,60.595,-0.005242463958060273,0.06042612644079637,2024-01,0.05014497697424523
2024-01-10,62.28,8100055,62.02,62.725,61.9,0.025691699604743157,0.0803122289679099,2024-01,0.05014497697424523
2024-01-09,62.01,6921586,62.94,63.04,61.885,-0.004335260115607031,0.06418397116869734,2024-01,0.05014497697424523
2024-01-08,62.92,7766698,61.78,63.055,61.5916,0.014675052410901612,0.04258492129246072,2024-01,0.05014497697424523
2024-01-05,62.08,7803807,61.65,62.56,61.27,-0.013350286077558837,0.017038007863696025,2024-01,0.05014497697424523
2024-01-04,61.8,10568090,62.17,62.755,61.725,-0.0045103092783504994,0.01778656126482203,2024-01,0.05014497697424523
2024-01-03,61.99,10306320,61.11,62.12,60.46,0.00307443365695792,-0.0046563904945408074,2024-01,0.05014497697424523
2024-01-02,61.57,10064320,60.55,62.15,60.18,-0.006775286336505926,-0.007095629737139175,2024-01,0.05014497697424523
2023-12-29,60.74,6814640,60.8,61.055,60.265,-0.013480591197011504,-0.03464717101080739,2023-12,-0.02584787619361212
2023-12-28,61.02,5981881,60.12,61.1,60.12,0.004609812314784412,-0.017074742268041176,2023-12,-0.02584787619361212
2023-12-27,60.58,6787475,59.91,60.67,59.65,-0.007210750573582558,-0.019741100323624527,2023-12,-0.02584787619361212
2023-12-26,60.21,6791580,59.68,60.56,59.62,-0.00610762627930006,-0.028714308759477336,2023-12,-0.02584787619361212
2023-12-22,59.75,9799434,59.96,60.87,59.67,-0.0076399269224382005,-0.029559850576579505,2023-12,-0.02584787619361212
2023-12-21,59.6,12604170,60.13,60.65,59.06,-0.002510460251045954,-0.018768521567336216,2023-12,-0.02584787619361212
2023-12-20,59.84,10091170,61.55,61.72,59.78,0.00402684563758382,-0.019337921992789275,2023-12,-0.02584787619361212
2023-12-19,61.57,11509560,61.36,61.83,60.8737,0.02891042780748654,0.016342027071640786,2023-12,-0.02584787619361212
2023-12-18,61.0,10755840,61.6,62.1,60.85,-0.009257755400357337,0.01312074406244812,2023-12,-0.02584787619361212
2023-12-15,61.5,28901540,62.1,62.91,61.021,0.008196721311475308,0.029288702928870203,2023-12,-0.02584787619361212
2023-12-14,62.78,16809080,63.65,64.59,62.36,0.020813008130081245,0.05335570469798667,2023-12,-0.02584787619361212
2023-12-13,62.51,13013430,59.6,62.6,59.3326,-0.004300732717426037,0.04461898395721908,2023-12,-0.02584787619361212
2023-12-12,59.52,9931191,59.66,59.76,58.08,-0.04783234682450799,-0.033295436089004316,2023-12,-0.02584787619361212
2023-12-11,59.71,11005790,58.53,59.935,58.53,0.003192204301075252,-0.021147540983606494,2023-12,-0.02584787619361212
2023-12-08,59.7,9408385,59.57,59.95,59.1,-0.00016747613465073474,-0.029268292682926744,2023-12,-0.02584787619361212
2023-12-07,59.85,12230500,60.38,60.56,59.44,0.002512562814070307,-0.046670914303918454,2023-12,-0.02584787619361212
2023-12-06,60.2,13235710,58.62,60.2575,58.62,0.005847953216374213,-0.03695408734602457,2023-12,-0.02584787619361212
2023-12-05,58.23,12545000,58.68,58.86,57.87,-0.03272425249169442,-0.021673387096774244,2023-12,-0.02584787619361212
2023-12-04,58.67,10239550,58.59,59.53,58.58,0.007556242486690845,-0.017417518003684407,2023-12,-0.02584787619361212
2023-12-01,59.17,10510220,58.55,59.54,57.67,0.00852224305437188,-0.008877721943048589,2023-12,-0.02584787619361212
2023-11-30,58.51,15381850,58.48,58.68,57.98,-0.011154301166131586,-0.02238930659983296,2023-11,-0.001367287643137896
2023-11-29,58.36,17019120,58.53,59.23,57.975,-0.0025636643308836193,-0.030564784053156213,2023-11,-0.001367287643137896
2023-11-28,58.16,9473579,57.56,58.58,57.2567,-0.0034270047978067764,-0.001202129486518988,2023-11,-0.001367287643137896
2023-11-27,57.58,9779081,57.5,57.7,56.87,-0.009972489683631292,-0.018578489858530833,2023-11,-0.001367287643137896
2023-11-24,57.55,4629432,57.14,57.605,56.93,-0.0005210142410559948,-0.027378739225959126,2023-11,-0.001367287643137896
2023-11-22,57.47,9626942,57.98,58.31,56.985,-0.0013900955690703265,-0.01777473936079299,2023-11,-0.001367287643137896
2023-11-21,57.98,11952630,57.32,58.29,56.775,0.008874195232295046,-0.006511309115832753,2023-11,-0.001367287643137896
2023-11-20,57.34,8405713,57.0,57.68,56.305,-0.011038289065194773,-0.014099037138927017,2023-11,-0.001367287643137896
2023-11-17,57.37,10136480,57.01,57.38,56.49,0.0005231949773281119,-0.0036470996873915196,2023-11,-0.001367287643137896
2023-11-16,56.6,11155370,57.42,57.77,56.58,-0.013421648945441844,-0.01650738488271064,2023-11,-0.001367287643137896
2023-11-15,57.0,11295040,57.48,58.73,56.9829,0.007067137809187329,-0.008178179919958173,2023-11,-0.001367287643137896
2023-11-14,57.55,13399480,56.08,57.735,55.45,0.009649122807017463,-0.00741635046567779,2023-11,-0.001367287643137896
2023-11-13,54.5,8951803,55.05,55.06,53.81,-0.052997393570807905,-0.0495291245204047,2023-11,-0.001367287643137896
2023-11-10,55.14,12777600,55.0,55.365,54.51,0.011743119266055091,-0.03887048980303287,2023-11,-0.001367287643137896
2023-11-09,54.72,17147940,57.12,57.27,54.62,-0.007616974972796564,-0.03321554770318025,2023-11,-0.001367287643137896
2023-11-08,57.5,12781790,58.17,58.17,56.78,0.050804093567251574,0.00877192982456143,2023-11,-0.001367287643137896
2023-11-07,58.46,9615549,59.05,59.555,58.4,0.016695652173913,0.015812337098175533,2023-11,-0.001367287643137896
2023-11-06,59.04,9293798,59.4,59.8793,58.86,0.009921313718782132,0.08330275229357786,2023-11,-0.001367287643137896
2023-11-03,59.38,13938040,61.22,61.49,59.37,0.005758807588075898,0.07689517591585049,2023-11,-0.001367287643137896
2023-11-02,59.91,15076480,58.52,60.465,58.5,0.008925564163017707,0.0948464912280702,2023-11,-0.001367287643137896
2023-11-01,58.43,13428920,58.105,58.79,57.18,-0.024703722250041693,0.01617391304347815,2023-11,-0.001367287643137896
2023-10-31,58.3,19978340,57.56,58.49,57.39,-0.002224884477152189,-0.002736914129319201,2023-10,-0.10548885077186962
2023-10-30,57.2,11017780,56.41,57.4698,55.77,-0.01886792452830177,-0.031165311653116423,2023-10,-0.10548885077186962
2023-10-27,56.24,11921200,57.36,58.021,55.93,-0.016783216783216814,-0.052879757494105784,2023-10,-0.10548885077186962
2023-10-26,57.57,17357830,56.77,58.24,56.68,0.023648648648648685,-0.039058587881822704,2023-10,-0.10548885077186962
2023-10-25,56.46,19262370,55.61,56.94,54.91,-0.019280875455966684,-0.03371555707684404,2023-10,-0.10548885077186962
2023-10-24,55.12,20060330,54.44,55.43,53.11,-0.023733616719801676,-0.054545454545454564,2023-10,-0.10548885077186962
2023-10-23,51.52,15200700,51.27,52.56,50.95,-0.06531204644412181,-0.09930069930069929,2023-10,-0.10548885077186962
2023-10-20,51.96,17798910,51.95,52.69,51.69,0.008540372670807317,-0.07610241820768138,2023-10,-0.10548885077186962
2023-10-19,52.39,11580430,53.28,53.99,52.38,0.00827559661277899,-0.08997741879451104,2023-10,-0.10548885077186962
2023-10-18,53.24,13593320,54.08,54.775,53.07,0.016224470318763062,-0.05703152674459788,2023-10,-0.10548885077186962
2023-10-17,54.17,13365490,53.58,54.8364,53.55,0.01746806912096166,-0.01723512336719879,2023-10,-0.10548885077186962
2023-10-16,54.38,17089370,54.49,55.04,53.56,0.003876684511722406,0.05551242236024834,2023-10,-0.10548885077186962
2023-10-13,54.49,22321200,53.53,55.25,53.5,0.002022802500919463,0.048691301000769904,2023-10,-0.10548885077186962
2023-10-12,53.0,27972800,53.07,53.97,52.23,-0.02734446687465597,0.011643443405229936,2023-10,-0.10548885077186962
2023-10-11,53.54,22401370,52.05,53.57,51.7,0.010188679245282994,0.005634861006761804,2023-10,-0.10548885077186962
2023-10-10,51.58,23164340,49.68,51.62,49.52,-0.03660814344415397,-0.04781244231124249,2023-10,-0.10548885077186962
2023-10-09,49.32,20644630,49.69,50.42,48.38,-0.04381543233811547,-0.09304891504229496,2023-10,-0.10548885077186962
2023-10-06,50.24,24718490,49.055,50.5,47.145,0.018653690186536842,-0.07799596256193797,2023-10,-0.10548885077186962
2023-10-05,49.45,29911390,49.81,50.13,48.235,-0.015724522292993592,-0.06698113207547163,2023-10,-0.10548885077186962
2023-10-04,50.62,28467450,53.71,53.95,50.54,0.02366026289180989,-0.05453866268210683,2023-10,-0.10548885077186962
2023-10-03,52.78,36257520,52.07,53.11,50.495,0.042670881074674094,0.023264831329972813,2023-10,-0.10548885077186962
2023-10-02,52.15,54022780,56.08,56.38,50.18,-0.011936339522546469,0.057380373073803614,2023-10,-0.10548885077186962
2023-09-29,57.29,19047600,57.67,58.755,56.98,0.0985618408437201,0.140326433121019,2023-09,0.16721941001920065
2023-09-28,57.08,31153830,60.3,60.7,56.98,-0.0036655611799616405,0.1542972699696663,2023-09,0.16721941001920065
2023-09-27,59.96,25606210,64.7,64.99,59.53,0.05045550105115626,0.1845120505728961,2023-09,0.16721941001920065
2023-09-26,65.34,9042592,67.12,67.19,65.27,0.089726484322882,0.23796892762410016,2023-09,0.16721941001920065
2023-09-25,67.47,8656485,67.22,67.495,66.78,0.03259871441689621,0.29376797698945345,2023-09,0.16721941001920065
2023-09-22,67.7,11796660,66.5,68.39,66.345,0.0034089224840669896,0.1817071042066678,2023-09,0.16721941001920065
2023-09-21,66.91,9460787,67.11,67.71,66.77,-0.011669128508124182,0.1722144358794675,2023-09,0.16721941001920065
2023-09-20,67.35,5804231,68.07,68.135,67.24,0.006575997608728068,0.12324883255503649,2023-09,0.16721941001920065
2023-09-19,67.59,8215771,68.05,68.16,67.345,0.0035634743875279096,0.03443526170798905,2023-09,0.16721941001920065
2023-09-18,68.24,7534094,68.81,68.86,67.91,0.00961680722000291,0.011412479620572125,2023-09,0.16721941001920065
2023-09-15,68.64,18391420,69.34,69.89,68.6,0.0058616647127784915,0.013884785819793244,2023-09,0.16721941001920065
2023-09-14,69.28,7944919,68.9,69.35,68.42,0.00932400932400923,0.035420714392467634,2023-09,0.16721941001920065
2023-09-13,68.43,8925740,67.88,68.77,67.88,-0.012269053117782813,0.016035634743875482,2023-09,0.16721941001920065
2023-09-12,67.73,7171538,67.5,68.03,67.105,-0.010229431535876077,0.0020713123243083498,2023-09,0.16721941001920065
2023-09-11,67.53,7981595,67.0,67.89,66.95,-0.0029529012254539966,-0.0104044548651816,2023-09,0.16721941001920065
2023-09-08,66.83,7485845,66.26,67.0,66.07,-0.010365763364430625,-0.026369463869463927,2023-09,0.16721941001920065
2023-09-07,66.25,9981143,66.28,66.97,65.87,-0.008678737094119371,-0.04373556581986149,2023-09,0.16721941001920065
2023-09-06,65.69,9250260,66.03,66.41,65.355,-0.008452830188679261,-0.0400409177261436,2023-09,0.16721941001920065
2023-09-05,66.2,10002870,66.82,67.27,65.805,0.007763738773024942,-0.022589694374723135,2023-09,0.16721941001920065
2023-09-01,66.87,8296631,67.34,67.57,66.45,0.010120845921450128,-0.009773434029320294,2023-09,0.16721941001920065
2023-08-31,66.8,11797760,67.5,67.785,66.73,-0.0010468072379244964,-0.00044890019452348273,2023-08,0.0803892215568863
2023-08-30,67.09,7461489,67.36,67.7301,66.82,0.004341317365269548,0.012679245283018892,2023-08,0.0803892215568863
2023-08-29,67.51,11209660,67.78,67.85,67.11,0.006260247428826915,0.027705891307657327,2023-08,0.0803892215568863
2023-08-28,68.02,7152597,68.25,68.595,67.984,0.0075544363797954706,0.02749244712990917,2023-08,0.0803892215568863
2023-08-25,67.96,10114250,67.3,68.215,67.23,-0.000882093501911263,0.016300284133393017,2023-08,0.0803892215568863
2023-08-24,67.22,9242494,67.89,68.41,67.08,-0.010888758092995832,0.006287425149700709,2023-08,0.0803892215568863
2023-08-23,67.89,7721840,68.07,68.14,67.3,0.009967271645343612,0.011924280816813182,2023-08,0.0803892215568863
2023-08-22,67.52,7370570,67.11,67.82,66.76,-0.005449992635145118,0.00014812620352522288,2023-08,0.0803892215568863
2023-08-21,67.08,6856055,67.75,67.8,66.6749,-0.006516587677725116,-0.013819464863275455,2023-08,0.0803892215568863
2023-08-18,67.83,6291293,67.34,68.06,67.33,0.011180679785330883,-0.001912889935255957,2023-08,0.0803892215568863
2023-08-17,67.51,6677561,67.34,68.15,67.29,-0.004717676544301885,0.004314192204700973,2023-08,0.0803892215568863
2023-08-16,67.56,6433500,67.72,67.95,67.305,0.0007406310176270026,-0.004860804242156402,2023-08,0.0803892215568863
2023-08-15,67.35,7704092,68.15,68.23,67.17,-0.003108348134991279,-0.0025177725118483707,2023-08,0.0803892215568863
2023-08-14,68.56,8021137,68.85,68.93,68.3,0.01796585003711959,0.022063208109719845,2023-08,0.0803892215568863
2023-08-11,68.92,6524199,68.3,68.94,68.16,0.0052508751458575365,0.0160695857290285,2023-08,0.0803892215568863
2023-08-10,68.29,7959864,69.3,69.66,68.15,-0.009141033081833894,0.011553843874981595,2023-08,0.0803892215568863
2023-08-09,68.92,7452963,68.79,69.58,68.51,0.00922536242495231,0.020130254588513807,2023-08,0.0803892215568863
2023-08-08,68.71,8889954,68.34,68.95,67.91,-0.0030470110272781126,0.02019302152932445,2023-08,0.0803892215568863
2023-08-07,68.64,8397223,69.5,69.725,68.61,-0.0010187745597437514,0.001166861143523823,2023-08,0.0803892215568863
2023-08-04,69.17,9140539,70.55,70.69,69.015,0.0077214452214451335,0.0036273940800928273,2023-08,0.0803892215568863
2023-08-03,70.1,9075969,71.2,71.5,70.06,0.013445135174208422,0.026504612681212292,2023-08,0.0803892215568863
2023-08-02,71.91,6590418,71.505,72.345,71.46,0.025820256776034167,0.0433836331979105,2023-08,0.0803892215568863
2023-08-01,72.17,6725407,73.32,73.8099,72.09,0.0036156306494230517,0.05035657109591041,2023-08,0.0803892215568863
2023-07-31,73.3,10877530,73.4,74.475,73.04,0.015657475405292942,0.06789044289044277,2023-07,0.014733969986357412
2023-07-28,72.85,6231189,73.75,74.38,72.48,-0.006139154160982319,0.05320225531299694,2023-07,0.014733969986357412
2023-07-27,73.27,10185630,73.94,74.89,73.19,0.005765271105010239,0.04522111269614837,2023-07,0.014733969986357412
2023-07-26,74.37,7244567,74.89,76.19,73.8819,0.015012965743141926,0.03420942845223207,2023-07,0.014733969986357412
2023-07-25,75.44,8847806,75.76,75.94,74.62,0.014387521850208307,0.04530968546487446,2023-07,0.014733969986357412
2023-07-24,75.5,8609665,75.88,76.67,75.3729,0.0007953340402968578,0.030013642564802323,2023-07,0.014733969986357412
2023-07-21,75.9,11878440,74.42,76.27,74.3,0.005298013245033095,0.04186684969114629,2023-07,0.014733969986357412
2023-07-20,74.1,9221590,72.1,74.13,71.645,-0.023715415019763042,0.011327965060734302,2023-07,0.014733969986357412
2023-07-19,72.1,7464792,72.36,72.9251,72.045,-0.026990553306342813,-0.03052306037380681,2023-07,0.014733969986357412
2023-07-18,72.05,7239505,72.77,73.08,71.3,-0.0006934812760055475,-0.04493637327677624,2023-07,0.014733969986357412
2023-07-17,72.66,5149275,72.96,73.42,72.45,0.008466342817487815,-0.0376158940397352,2023-07,0.014733969986357412
2023-07-14,73.2,6463743,73.48,73.75,72.79,0.007431874483897705,-0.035573122529644285,2023-07,0.014733969986357412
2023-07-13,73.71,6058553,73.52,73.93,73.38,0.006967213114754012,-0.0052631578947368585,2023-07,0.014733969986357412
2023-07-12,73.47,9710524,72.54,73.565,72.19,-0.0032560032560031704,0.019001386962552047,2023-07,0.014733969986357412
2023-07-11,72.19,6623380,71.64,72.23,70.85,-0.01742207703824694,0.0019430950728660523,2023-07,0.014733969986357412
2023-07-10,71.71,7704747,71.8,72.49,71.1,-0.006649120376783557,-0.013074593999449546,2023-07,0.014733969986357412
2023-07-07,72.05,7511673,72.53,72.72,71.895,0.004741319202342886,-0.015710382513661303,2023-07,0.014733969986357412
2023-07-06,73.02,7271407,74.29,74.29,73.005,0.013462873004857823,-0.009361009361009365,2023-07,0.014733969986357412
2023-07-05,74.95,8450272,73.98,75.59,73.92,0.02643111476307869,0.02014427657547313,2023-07,0.014733969986357412
2023-07-03,74.38,2484462,73.87,74.47,73.5,-0.007605070046697859,0.030336611719074646,2023-07,0.014733969986357412
2023-06-30,74.2,9259959,72.94,74.305,72.78,-0.0024200053777896358,0.03472319062892226,2023-06,-0.01671159029649608
2023-06-29,72.81,7193155,72.68,73.6,72.51,-0.018733153638814004,0.010548230395558633,2023-06,-0.01671159029649608
2023-06-28,73.44,8735091,73.95,74.21,73.22,0.008652657601977642,0.005751848808545734,2023-06,-0.01671159029649608
2023-06-27,73.91,5979167,74.56,74.8,73.21,0.006399782135076304,-0.01387591727818549,2023-06,-0.01671159029649608
2023-06-26,74.29,5670176,74.09,74.785,73.81,0.005141388174807249,-0.0012100026888947069,2023-06,-0.01671159029649608
2023-06-23,74.17,9080057,75.29,75.99,74.0,-0.0016152914254947692,-0.00040431266846363556,2023-06,-0.01671159029649608
2023-06-22,75.13,6976575,76.07,76.39,75.0,0.012943238506134547,0.03186375497871152,2023-06,-0.01671159029649608
2023-06-21,75.78,7176113,74.45,76.03,73.72,0.0086516704379076,0.031862745098039325,2023-06,-0.01671159029649608
2023-06-20,74.76,7802048,75.63,76.17,74.5,-0.013460015835312644,0.011500473548911039,2023-06,-0.01671159029649608
2023-06-16,75.59,23053580,74.75,76.42,74.72,0.011102193686463258,0.017498990442859075,2023-06,-0.01671159029649608
2023-06-15,74.36,10098260,73.74,74.52,73.41,-0.016271993649953798,0.0025616826210057564,2023-06,-0.01671159029649608
2023-06-14,73.4,8893648,74.9,74.95,73.285,-0.012910166756320507,-0.023026753627046315,2023-06,-0.01671159029649608
2023-06-13,74.35,8579415,73.9,74.69,73.75,0.012942779291553075,-0.018870414357350263,2023-06,-0.01671159029649608
2023-06-12,73.98,7564700,74.41,74.47,73.685,-0.004976462676529847,-0.010433386837881198,2023-06,-0.01671159029649608
2023-06-09,74.07,6012161,74.855,75.2,74.0,0.001216545012165282,-0.020108479957666514,2023-06,-0.01671159029649608
2023-06-08,74.9,9988095,74.48,75.12,74.0695,0.01120561630889716,0.007261968800430507,2023-06,-0.01671159029649608
2023-06-07,74.17,6488121,73.64,74.5,73.28,-0.009746328437917229,0.010490463215258705,2023-06,-0.01671159029649608
2023-06-06,73.38,5653068,73.78,74.1509,73.36,-0.010651206687339987,-0.013046402151983827,2023-06,-0.01671159029649608
2023-06-05,73.59,5266767,74.15,74.89,73.335,0.002861815208503815,-0.005271695052716963,2023-06,-0.01671159029649608
2023-06-02,73.85,7175380,73.04,74.2,72.52,0.003533088734882339,-0.002970163358984701,2023-06,-0.01671159029649608
2023-06-01,72.96,6738779,73.05,73.43,72.46,-0.012051455653351417,-0.02590120160213638,2023-06,-0.01671159029649608
2023-05-31,73.46,11112210,72.64,73.77,71.875,0.006853070175438569,-0.009572603478495423,2023-05,0.04546692077320996
2023-05-30,72.69,6873997,74.35,74.75,72.55,-0.01048189490879381,-0.009403107113654885,2023-05,0.04546692077320996
2023-05-26,73.92,7174042,73.13,74.555,72.6,0.016921172100701654,0.004484304932735439,2023-05,0.04546692077320996
2023-05-25,73.39,7716369,74.18,74.18,72.47,-0.007169913419913465,-0.006228842247799515,2023-05,0.04546692077320996
2023-05-24,74.24,6879457,74.15,74.42,73.66,0.01158195939501283,0.01754385964912286,2023-05,0.04546692077320996
2023-05-23,74.16,8751256,74.1,75.2,73.91,-0.0010775862068965747,0.009528995371630877,2023-05,0.04546692077320996
2023-05-22,74.58,4272571,74.91,75.17,74.47,0.005663430420711935,0.026000825423029283,2023-05,0.04546692077320996
2023-05-19,74.48,6338617,75.55,75.78,74.47,-0.0013408420488065786,0.007575757575757569,2023-05,0.04546692077320996
2023-05-18,75.1,6970597,74.75,75.25,74.21,0.008324382384532703,0.02330017713584942,2023-05,0.04546692077320996
2023-05-17,75.34,5408735,76.17,76.28,75.185,0.003195739014647314,0.014816810344827624,2023-05,0.04546692077320996
2023-05-16,75.84,6216026,77.5,77.5,75.695,0.006636580833554451,0.02265372168284796,2023-05,0.04546692077320996
2023-05-15,77.54,5430028,78.47,78.53,76.82,0.022415611814345926,0.03968892464467699,2023-05,0.04546692077320996
2023-05-12,77.96,8315032,76.89,77.99,76.575,0.005416559195253967,0.046723952738990215,2023-05,0.04546692077320996
2023-05-11,76.1,6542687,76.59,76.84,75.54,-0.023858388917393558,0.013315579227696439,2023-05,0.04546692077320996
2023-05-10,76.89,5696014,76.13,77.16,75.9373,0.010381077529566518,0.02057340058401902,2023-05,0.04546692077320996
2023-05-09,75.58,5588127,76.225,76.225,75.19,-0.017037326050201584,-0.003428270042194148,2023-05,0.04546692077320996
2023-05-08,76.06,6751748,75.53,76.685,75.28,0.006350886477904272,-0.019086922878514323,2023-05,0.04546692077320996
2023-05-05,75.51,6215614,75.61,76.57,75.185,-0.007231133315803273,-0.03142637249871716,2023-05,0.04546692077320996
2023-05-04,75.51,6042464,75.38,75.67,74.56,0.0,-0.0077529566360050595,2023-05,0.04546692077320996
2023-05-03,75.39,6265933,76.26,76.56,75.27,-0.0015891934843067501,-0.019508388607101024,2023-05,0.04546692077320996
2023-05-02,75.94,7674164,76.66,77.02,75.51,0.007295397267542025,0.004763164858428093,2023-05,0.04546692077320996
2023-05-01,76.8,5214783,76.47,77.375,76.359,0.011324730050039422,0.009729161188535285,2023-05,0.04546692077320996
2023-04-28,76.63,10005850,75.41,76.7,75.41,-0.002213541666666652,0.014832472520195816,2023-04,0.0005219887772413709
2023-04-27,75.85,8155578,74.31,76.52,73.91,-0.010178781156205186,0.004502714872202107,2023-04,0.0005219887772413709
2023-04-26,74.07,12656660,76.78,76.95,74.03,-0.02346736980883324,-0.017508953442101127,2023-04,0.0005219887772413709
2023-04-25,77.82,8399806,77.73,79.1,77.5,0.05062778452814909,0.024756386621016535,2023-04,0.0005219887772413709
2023-04-24,79.04,5725790,78.51,79.25,78.5,0.015677203803649675,0.029166666666666785,2023-04,0.0005219887772413709
2023-04-21,78.99,5192615,79.44,79.775,78.56,-0.0006325910931175294,0.03079733785723615,2023-04,0.0005219887772413709
2023-04-20,78.75,4350401,78.72,79.1,78.2273,-0.0030383592859855035,0.03823335530652616,2023-04,0.0005219887772413709
2023-04-19,78.94,3813305,78.31,79.165,78.29,0.002412698412698422,0.0657486161738896,2023-04,0.0005219887772413709
2023-04-18,78.3,8147618,78.73,79.065,77.945,-0.008107423359513533,0.006168080185042557,2023-04,0.0005219887772413709
2023-04-17,78.54,4393358,78.18,78.55,77.79,0.0030651340996170617,-0.0063259109311740724,2023-04,0.0005219887772413709
2023-04-14,78.02,4920866,78.39,78.475,77.56,-0.006620830150242063,-0.012280035447524984,2023-04,0.0005219887772413709
2023-04-13,78.85,4928608,78.42,79.115,77.48,0.010638297872340496,0.0012698412698410877,2023-04,0.0005219887772413709
2023-04-12,78.59,6786576,78.69,79.44,78.255,-0.0032974001268230024,-0.00443374714973388,2023-04,0.0005219887772413709
2023-04-11,78.34,6019632,78.39,78.605,77.9,-0.0031810662934215195,0.0005108556832695843,2023-04,0.0005219887772413709
2023-04-10,78.43,5647541,78.35,78.5,77.31,0.001148838396732188,-0.0014005602240896309,2023-04,0.0005219887772413709
2023-04-06,78.97,5427720,78.8,79.0,77.96,0.006885120489608543,0.012176365034606507,2023-04,0.0005219887772413709
2023-04-05,78.33,8200436,77.9,78.95,77.735,-0.008104343421552529,-0.006594800253646116,2023-04,0.0005219887772413709
2023-04-04,77.16,6165648,76.85,77.685,76.43,-0.014936805821524346,-0.018195699198371384,2023-04,0.0005219887772413709
2023-04-03,76.67,5778653,77.05,77.05,75.8,-0.006350440642820088,-0.021317334694919587,2023-04,0.0005219887772413709
2023-03-31,77.08,10124430,76.765,77.12,75.98,0.005347593582887722,-0.01721280122402158,2023-03,-0.09353918007265172
2023-03-30,76.59,6187023,76.365,77.02,76.17,-0.006357031655422896,-0.030138027098898235,2023-03,-0.09353918007265172
2023-03-29,76.11,5680646,75.47,76.31,75.47,-0.0062671367019193625,-0.02834163155878977,2023-03,-0.09353918007265172
2023-03-28,75.24,5935605,75.5,76.25,74.82,-0.011430823807646928,-0.02488335925349927,2023-03,-0.09353918007265172
2023-03-27,75.44,5516054,75.87,76.0599,74.95,0.0026581605528974706,-0.016042780748663166,2023-03,-0.09353918007265172
2023-03-24,75.69,5294109,73.99,75.75,73.71,0.003313891834570537,-0.01803321224701615,2023-03,-0.09353918007265172
2023-03-23,73.81,7541396,73.77,75.72,73.37,-0.024838155634826165,-0.03629716673194938,2023-03,-0.09353918007265172
2023-03-22,74.13,7038158,75.31,75.98,74.09,0.004335455900284391,-0.026014978320851423,2023-03,-0.09353918007265172
2023-03-21,75.36,6222390,76.345,76.345,74.27,0.01659247268312436,0.0015948963317384823,2023-03,-0.09353918007265172
2023-03-20,75.97,7140296,75.6,77.0,75.31,0.008094479830148549,0.007025450689289503,2023-03,-0.09353918007265172
2023-03-17,75.67,14137400,76.29,76.29,74.7393,-0.003948927208108466,-0.00026423569824274296,2023-03,-0.09353918007265172
2023-03-16,76.23,8896527,75.66,76.51,74.83,0.007400555041628065,0.032786885245901676,2023-03,-0.09353918007265172
2023-03-15,75.52,12030330,74.45,75.845,73.9271,-0.009313918404827648,0.018750843113449323,2023-03,-0.09353918007265172
2023-03-14,74.55,8635793,73.99,74.85,73.43,-0.012844279661016977,-0.010748407643312086,2023-03,-0.09353918007265172
2023-03-13,73.29,8388885,73.06,75.18,73.0,-0.016901408450704092,-0.035277083059102154,2023-03,-0.09353918007265172
2023-03-10,73.01,10167050,73.99,74.27,72.37,-0.00382043935052534,-0.03515263644773359,2023-03,-0.09353918007265172
2023-03-09,73.76,7678060,74.5,74.99,73.385,0.010272565401999723,-0.03240194149285058,2023-03,-0.09353918007265172
2023-03-08,74.25,5913550,73.38,74.38,73.04,0.006643167028199448,-0.016816737288135486,2023-03,-0.09353918007265172
2023-03-07,73.75,7308906,73.94,74.49,73.02,-0.006734006734006703,-0.010731052984574108,2023-03,-0.09353918007265172
2023-03-06,74.4,6888875,73.54,74.6,73.41,0.008813559322033981,0.01514531313958245,2023-03,-0.09353918007265172
2023-03-03,73.83,10724780,72.89,73.87,72.18,-0.007661290322580783,0.011231338172853045,2023-03,-0.09353918007265172
2023-03-02,72.21,16067200,70.36,72.22,70.12,-0.02194229987809837,-0.021014099783080442,2023-03,-0.09353918007265172
2023-03-01,69.87,11809200,70.86,71.035,69.64,-0.03240548400498533,-0.058989898989898926,2023-03,-0.09353918007265172
2023-02-28,71.03,11276730,71.7,71.85,70.8,0.016602261342493208,-0.03688135593220332,2023-02,0.04519217232155418
2023-02-27,71.86,7029663,72.97,73.67,71.68,0.011685203435168212,-0.034139784946236595,2023-02,0.04519217232155418
2023-02-24,72.92,9127811,72.12,73.33,71.8,0.014750904536598997,-0.012325612894487303,2023-02,0.04519217232155418
2023-02-23,72.87,9049874,74.37,74.37,72.65,-0.0006856829402084319,0.009140008309098668,2023-02,0.04519217232155418
2023-02-22,73.68,9351183,73.98,74.74,73.445,0.011115685467270486,0.05452984113353376,2023-02,0.04519217232155418
2023-02-21,73.66,11915630,75.44,75.525,73.61,-0.00027144408251911223,0.037026608475292155,2023-02,0.04519217232155418
2023-02-17,76.07,9436331,75.7,76.48,75.38,0.032717893021992905,0.05858613971611448,2023-02,0.04519217232155418
2023-02-16,75.69,7795625,75.8,76.52,75.66,-0.004995398974628529,0.03798683488754784,2023-02,0.04519217232155418
2023-02-15,76.94,9345468,75.65,77.09,75.65,0.016514731140176986,0.05585288870591465,2023-02,0.04519217232155418
2023-02-14,76.03,7089389,75.29,76.33,74.8,-0.01182739797244603,0.031894679695982475,2023-02,0.04519217232155418
2023-02-13,75.62,8114222,75.34,76.0114,75.16,-0.005392608180981195,0.026608742872658242,2023-02,0.04519217232155418
2023-02-10,74.74,9883033,73.42,75.2473,73.42,-0.011637133033589153,-0.017483896411200184,2023-02,0.04519217232155418
2023-02-09,73.27,13163460,75.2,75.94,73.12,-0.01966818303451967,-0.03197251948738278,2023-02,0.04519217232155418
2023-02-08,75.03,9082151,75.98,76.15,74.86,0.02402074518902686,-0.024824538601507573,2023-02,0.04519217232155418
2023-02-07,76.08,10855800,75.37,76.58,74.75,0.013994402239104309,0.0006576351440219508,2023-02,0.04519217232155418
2023-02-06,75.51,9343358,74.6,75.565,74.45,-0.007492113564668723,-0.0014546416291986164,2023-02,0.04519217232155418
2023-02-03,74.67,11671470,75.25,75.44,73.67,-0.011124354390147029,-0.0009365801445008204,2023-02,0.04519217232155418
2023-02-02,75.6,18604060,73.57,76.8425,73.21,0.012454801124949677,0.031800191074109474,2023-02,0.04519217232155418
2023-02-01,74.24,15188690,74.62,75.04,73.34,-0.017989417989418,-0.010529121684659581,2023-02,0.04519217232155418
2023-01-31,74.63,19020420,74.54,74.83,73.345,0.005253232758620774,-0.019058885383806512,2023-01,0.12327482245745683
2023-01-30,75.05,10669820,75.36,76.35,74.89,0.005627763633927474,-0.00609190835650919,2023-01,0.12327482245745683
2023-01-27,75.58,13243240,76.07,76.4021,75.51,0.007061958694203785,0.012186955939466948,2023-01,0.12327482245745683
2023-01-26,76.4,18508680,75.1,77.45,74.8,0.010849431066419779,0.010582010582010692,2023-01,0.12327482245745683
2023-01-25,76.59,28527410,80.53,80.99,75.9,0.00248691099476428,0.0316540948275863,2023-01,0.12327482245745683
2023-01-24,83.9,6652336,82.79,84.2,80.28,0.09544326935631275,0.12421278306311145,2023-01,0.12327482245745683
2023-01-23,82.67,6864386,81.38,83.22,80.9,-0.014660309892729484,0.10153231179213873,2023-01,0.12327482245745683
2023-01-20,81.82,9429170,82.51,82.54,80.5,-0.010281843474053587,0.08256152421275464,2023-01,0.12327482245745683
2023-01-19,82.59,7099850,84.06,84.34,82.29,0.009410901979956199,0.08102094240837698,2023-01,0.12327482245745683
2023-01-18,83.8,6107756,85.93,86.04,83.73,0.014650684102191391,0.09413761587674618,2023-01,0.12327482245745683
2023-01-17,85.74,8410165,85.19,86.47,85.18,0.0231503579952268,0.02193087008343242,2023-01,0.12327482245745683
2023-01-13,84.68,4943170,84.44,84.97,83.75,-0.012362957779332717,0.02431353574452655,2023-01,0.12327482245745683
2023-01-12,85.07,4648571,85.1,85.67,84.39,0.004605573925365869,0.03972133952578827,2023-01,0.12327482245745683
2023-01-11,85.0,6153716,84.47,85.36,84.22,-0.0008228517691312165,0.029180288170480573,2023-01,0.12327482245745683
2023-01-10,84.54,4921129,84.07,84.6,83.37,-0.005411764705882227,0.008830548926014536,2023-01,0.12327482245745683
2023-01-09,84.07,4749024,83.64,84.93,83.49,-0.005559498462266554,-0.019477490086307503,2023-01,0.12327482245745683
2023-01-06,83.65,5235338,83.56,84.37,82.82,-0.004995836802664244,-0.012163438828530992,2023-01,0.12327482245745683
2023-01-05,82.63,5472659,83.61,84.01,82.14,-0.012193664076509347,-0.028682261666862607,2023-01,0.12327482245745683
2023-01-04,84.49,4831342,84.36,85.46,83.83,0.0225099842672154,-0.006000000000000005,2023-01,0.12327482245745683
2023-01-03,83.83,5535451,84.37,84.9,82.54,-0.0078115753343590555,-0.008398391294062058,2023-01,0.12327482245745683
2022-12-30,83.6,4266918,83.95,84.02,82.475,-0.0027436478587617996,-0.005590579279172059,2022-12,0.01471291866028713
2022-12-29,84.08,3378421,83.73,84.69,83.49,0.005741626794258492,0.005140466228332308,2022-12,0.01471291866028713
2022-12-28,83.16,3536487,84.2,84.54,82.975,-0.010941960038059029,0.006414135301948454,2022-12,0.01471291866028713
2022-12-27,84.0,4726551,84.1,84.28,83.47,0.010101010101010166,-0.0057995028997513964,2022-12,0.01471291866028713
2022-12-23,84.17,3254730,83.0,84.27,83.0,0.00202380952380965,0.004055827269473955,2022-12,0.01471291866028713
2022-12-22,83.34,4491039,84.54,84.54,82.16,-0.009860995604134448,-0.0031100478468898407,2022-12,0.01471291866028713
2022-12-21,84.65,5356209,83.85,84.95,83.65,0.015718742500600014,0.006779257849667042,2022-12,0.01471291866028713
2022-12-20,83.52,4812075,83.4,84.04,82.7478,-0.013349084465446026,0.0043290043290042934,2022-12,0.01471291866028713
2022-12-19,83.52,5681098,83.98,84.28,82.961,0.0,-0.005714285714285783,2022-12,0.01471291866028713
2022-12-16,84.14,16949480,84.6,84.855,83.27,0.007423371647509613,-0.0003564215278603067,2022-12,0.01471291866028713
2022-12-15,85.81,6469095,86.9,87.05,85.48,0.0198478725932969,0.02963762898968092,2022-12,0.01471291866028713
2022-12-14,87.05,6111627,87.46,88.61,86.34,0.014450530241230553,0.02835203780271689,2022-12,0.01471291866028713
2022-12-13,87.15,7179494,88.0,88.37,86.0,0.0011487650775416913,0.043462643678161106,2022-12,0.01471291866028713
2022-12-12,86.55,5348953,85.12,86.6,84.8,-0.0068846815834768815,0.03627873563218387,2022-12,0.01471291866028713
2022-12-09,84.51,4460299,85.56,86.0,84.42,-0.023570190641247768,0.00439743285001204,2022-12,0.01471291866028713
2022-12-08,85.76,4281909,85.27,86.4,84.9,0.014791148976452506,-0.0005826826710173538,2022-12,0.01471291866028713
2022-12-07,85.29,5108818,85.16,86.3493,84.61,-0.005480410447761153,-0.020218265364732813,2022-12,0.01471291866028713
2022-12-06,85.18,5027803,84.91,85.25,83.705,-0.0012897174346347962,-0.022604704532415365,2022-12,0.01471291866028713
2022-12-05,85.15,5511867,85.0,86.025,84.77,-0.0003521953510213782,-0.016175621028307274,2022-12,0.01471291866028713
2022-12-02,85.2,6316947,83.73,85.21,83.4,0.0005871990604815469,0.008164714235001647,2022-12,0.01471291866028713
2022-12-01,84.83,5830713,85.4,85.97,83.99,-0.004342723004694848,-0.010844216417910557,2022-12,0.01471291866028713
2022-11-30,84.7,9739222,82.09,84.9,82.06,-0.0015324767181421617,-0.006917575331222947,2022-11,-0.08252656434474627
2022-11-29,82.49,5398297,82.91,83.13,81.975,-0.02609208972845345,-0.03158018314158262,2022-11,-0.08252656434474627
2022-11-28,83.73,6464225,84.335,85.01,83.34,0.015032125106073657,-0.016676453317674755,2022-11,-0.08252656434474627
2022-11-25,85.34,3622249,85.27,85.8,85.13,0.019228472471037872,0.0016431924882629456,2022-11,-0.08252656434474627
2022-11-23,84.92,4259871,83.54,85.0,83.44,-0.0049214905085540606,0.0010609454202523683,2022-11,-0.08252656434474627
2022-11-22,84.11,4105654,84.06,84.91,83.715,-0.009538389072067832,-0.006965761511216084,2022-11,-0.08252656434474627
2022-11-21,83.6,6593861,82.62,83.75,82.62,-0.006063488289145269,0.01345617650624309,2022-11,-0.08252656434474627
2022-11-18,83.2,6664774,83.26,83.79,82.57,-0.004784688995215225,-0.00632986981965844,2022-11,-0.08252656434474627
2022-11-17,82.35,8334511,83.26,83.35,81.87,-0.010216346153846256,-0.035036325287087,2022-11,-0.08252656434474627
2022-11-16,84.32,8444892,83.06,84.75,83.06,0.023922282938676265,-0.007065473386717036,2022-11,-0.08252656434474627
2022-11-15,82.91,5594983,82.52,83.82,82.04,-0.016722011385199242,-0.014267031268576869,2022-11,-0.08252656434474627
2022-11-14,81.66,7904057,83.09,83.78,81.61,-0.015076589072488211,-0.02320574162679423,2022-11,-0.08252656434474627
2022-11-11,83.31,5730882,83.27,83.85,81.9825,0.020205731080088274,0.0013221153846154632,2022-11,-0.08252656434474627
2022-11-10,83.2,9315878,81.31,83.77,79.95,-0.0013203697035170103,0.010321797207043293,2022-11,-0.08252656434474627
2022-11-09,78.2,4940236,78.6,79.11,77.995,-0.060096153846153855,-0.07258064516129026,2022-11,-0.08252656434474627
2022-11-08,78.27,5518358,77.67,79.14,77.16,0.0008951406649615468,-0.055964298637076304,2022-11,-0.08252656434474627
2022-11-07,77.29,7008635,78.73,79.12,76.29,-0.012520761466717656,-0.05351457261817283,2022-11,-0.08252656434474627
2022-11-04,78.8,7758947,78.6,79.177,77.415,0.019536809419070877,-0.054135157844196424,2022-11,-0.08252656434474627
2022-11-03,78.18,6920481,76.74,79.18,76.36,-0.007868020304568457,-0.060336538461538414,2022-11,-0.08252656434474627
2022-11-02,77.28,7119075,77.7,79.825,77.02,-0.011511895625479718,-0.01176470588235301,2022-11,-0.08252656434474627
2022-11-01,77.71,5410269,78.19,78.19,77.17,0.005564182194616851,-0.0071547208381245175,2022-11,-0.08252656434474627
2022-10-31,77.5,8273667,78.45,79.27,76.76,-0.0027023549092780597,0.0027170397205329433,2022-10,0.04761290322580642
2022-10-28,79.03,9123339,76.75,79.3,76.65,0.019741935483871043,0.002918781725888442,2022-10,0.04761290322580642
2022-10-27,75.47,7163308,76.05,76.93,75.46,-0.045046184993040694,-0.034663596827833265,2022-10,0.04761290322580642
2022-10-26,75.6,6247194,75.86,76.53,75.3,0.0017225387571220274,-0.021739130434782705,2022-10,0.04761290322580642
2022-10-25,75.86,9216900,73.75,76.09,73.6,0.003439153439153575,-0.0238064599150688,2022-10,0.04761290322580642
2022-10-24,73.28,9989846,72.49,73.69,71.96,-0.03401001845504881,-0.054451612903225755,2022-10,0.04761290322580642
2022-10-21,71.65,11161270,71.08,73.0,70.3,-0.022243449781659375,-0.09338225990130322,2022-10,0.04761290322580642
2022-10-20,70.64,13023810,73.36,73.48,69.808,-0.01409630146545715,-0.06399893997614947,2022-10,0.04761290322580642
2022-10-19,73.64,8579687,74.24,74.47,72.52,0.04246885617214047,-0.025925925925925797,2022-10,0.04761290322580642
2022-10-18,75.06,6998542,75.55,75.94,74.11,0.019282998370450777,-0.010545742156604199,2022-10,0.04761290322580642
2022-10-17,73.65,7563540,72.8,74.42,72.75,-0.01878497202238205,0.005049126637554746,2022-10,0.04761290322580642
2022-10-14,71.77,8735692,73.79,74.84,71.44,-0.025526137135098548,0.001674808094905611,2022-10,0.04761290322580642
2022-10-13,73.09,13644010,71.59,73.57,70.385,0.01839208582973395,0.0346828992072481,2022-10,0.04761290322580642
2022-10-12,72.75,9715274,75.81,76.36,72.62,-0.004651799151730751,-0.012085822922324851,2022-10,0.04761290322580642
2022-10-11,76.03,9143163,76.25,76.93,75.22,0.04508591065292089,0.01292299493738347,2022-10,0.04761290322580642
2022-10-10,76.74,6118014,77.03,77.68,76.4,0.009338419045113788,0.04195519348268828,2022-10,0.04761290322580642
2022-10-07,76.73,7697379,78.56,78.645,76.19,-0.0001303101381285865,0.06910965584506079,2022-10,0.04761290322580642
2022-10-06,78.91,8374624,81.63,81.73,78.85,0.02841131239410921,0.07962785606786138,2022-10,0.04761290322580642
2022-10-05,81.77,5468664,81.75,82.48,80.52,0.036243822075782584,0.12398625429553256,2022-10,0.04761290322580642
2022-10-04,82.82,8193853,81.98,82.89,81.56,0.012840895193836355,0.08930685255820059,2022-10,0.04761290322580642
2022-10-03,81.19,8115199,79.83,81.63,79.225,-0.019681236416324466,0.057988011467292155,2022-10,0.04761290322580642
2022-09-30,78.41,12854290,80.3,80.6,78.29,-0.03424067003325537,0.021894956340414273,2022-09,0.10011478127789834
2022-09-29,79.97,8291549,82.17,82.35,79.46,0.019895421502359456,0.013433024965150198,2022-09,0.10011478127789834
2022-09-28,82.37,8713365,82.29,83.025,81.25,0.030011254220332795,0.007337654396478044,2022-09,0.10011478127789834
2022-09-27,81.08,9247037,82.02,82.62,80.11,-0.015661041641374385,-0.021009418014972137,2022-09,0.10011478127789834
2022-09-26,81.15,7702927,82.47,82.78,80.32,0.0008633448445980463,-0.0004926715112697488,2022-09,0.10011478127789834
2022-09-23,82.52,6719672,82.5,82.67,81.34,0.016882316697473643,0.05241678357352386,2022-09,0.10011478127789834
2022-09-22,83.54,6748710,83.8,84.19,83.03,0.012360639844886112,0.044641740652744843,2022-09,0.10011478127789834
2022-09-21,83.97,6706453,86.0,86.44,83.95,0.005147234857553196,0.019424547772247003,2022-09,0.10011478127789834
2022-09-20,85.69,6242074,85.99,86.45,84.925,0.020483506014052688,0.05685742476566347,2022-09,0.10011478127789834
2022-09-19,86.84,8820990,84.72,86.9,84.5396,0.013420469132921165,0.07011706715958099,2022-09,0.10011478127789834
2022-09-16,84.79,19190740,85.41,85.99,84.5,-0.023606632888069967,0.027508482792050648,2022-09,0.10011478127789834
2022-09-15,86.01,18680970,85.44,86.8,84.825,0.014388489208633004,0.02956667464687568,2022-09,0.10011478127789834
2022-09-14,88.88,7281493,88.36,89.37,88.06,0.03336821299848847,0.05847326426104549,2022-09,0.10011478127789834
2022-09-13,88.86,5624836,90.05,90.47,88.45,-0.00022502250225020504,0.03699381491422571,2022-09,0.10011478127789834
2022-09-12,90.81,5573784,90.18,90.85,89.78,0.021944632005401754,0.045716259788116,2022-09,0.10011478127789834
2022-09-09,89.9,5701551,90.81,90.98,89.83,-0.010020922805858312,0.06026654086566818,2022-09,0.10011478127789834
2022-09-08,90.27,8852494,89.73,91.06,89.63,0.0041156840934371,0.04952912452040459,2022-09,0.10011478127789834
2022-09-07,90.24,11366640,87.71,90.42,87.61,-0.0003323363243602495,0.015301530153015275,2022-09,0.10011478127789834
2022-09-06,87.37,11077350,87.24,88.27,87.02,-0.03180407801418428,-0.016767949583614605,2022-09,0.10011478127789834
2022-09-02,85.11,5785696,86.45,87.23,84.77,-0.025867002403571093,-0.06276841757515694,2022-09,0.10011478127789834
2022-09-01,86.26,5896345,85.33,86.46,84.71,0.013511925743155961,-0.040489432703003314,2022-09,0.10011478127789834
2022-08-31,85.06,6830948,85.7,86.27,84.8,-0.013911430558775861,-0.05771574166389715,2022-08,0.002939101810486715
2022-08-30,85.7,7394279,87.2,87.33,85.21,0.007524100634846098,-0.050310283687943214,2022-08,0.002939101810486715
2022-08-29,87.02,5827891,86.98,87.85,86.41,0.015402567094515707,-0.00400595169966822,2022-08,0.002939101810486715
2022-08-26,88.06,7990147,89.99,90.56,87.74,0.011951275568834907,0.03466102690635653,2022-08,0.002939101810486715
2022-08-25,89.39,5595183,89.01,89.455,88.06,0.015103338632750374,0.03628564804080692,2022-08,0.002939101810486715
2022-08-24,88.71,5669340,88.15,88.78,87.96,-0.007607114889808808,0.04291088643310603,2022-08,0.002939101810486715
2022-08-23,87.98,3473741,88.61,88.65,87.625,-0.008229060985232683,0.026604434072345473,2022-08,0.002939101810486715
2022-08-22,88.54,5783453,88.93,89.527,88.23,0.006365082973402991,0.017467248908296984,2022-08,0.002939101810486715
2022-08-19,89.71,5542923,90.11,90.59,89.365,0.013214366388073051,0.018737224619577386,2022-08,0.002939101810486715
2022-08-18,90.24,5090664,90.2,90.6301,89.87,0.00590792553784425,0.009508893612260705,2022-08,0.002939101810486715
2022-08-17,90.2,4177991,89.97,90.67,89.74,-0.0004432624113474004,0.016796302558899967,2022-08,0.002939101810486715
2022-08-16,90.53,5250574,90.54,91.35,90.325,0.003658536585365857,0.028983859968174652,2022-08,0.002939101810486715
2022-08-15,91.0,5032686,90.48,91.2,90.14,0.005191649177068269,0.02778405240569226,2022-08,0.002939101810486715
2022-08-12,90.47,5262780,90.18,90.65,89.33,-0.005824175824175826,0.008471742280682149,2022-08,0.002939101810486715
2022-08-11,89.43,7525833,90.31,91.03,89.29,-0.011495523377915262,-0.008976063829787106,2022-08,0.002939101810486715
2022-08-10,89.78,5693721,89.66,90.08,88.84,0.003913675500391234,-0.004656319290465616,2022-08,0.002939101810486715
2022-08-09,88.92,5154122,88.22,89.11,87.78,-0.009578970817553989,-0.017784159946978906,2022-08,0.002939101810486715
2022-08-08,87.52,7243316,88.46,88.96,86.78,-0.015744489428699993,-0.03824175824175824,2022-08,0.002939101810486715
2022-08-05,87.98,8643274,87.88,88.49,86.94,0.0052559414990860365,-0.02752293577981646,2022-08,0.002939101810486715
2022-08-04,87.98,8679156,86.96,88.655,86.45,0.0,-0.016213798501621413,2022-08,0.002939101810486715
2022-08-03,86.46,7640608,85.77,86.82,84.36,-0.017276653784951246,-0.036979282691022575,2022-08,0.002939101810486715
2022-08-02,85.67,7664259,85.44,86.77,85.2,-0.009137173259310627,-0.03654970760233922,2022-08,0.002939101810486715
2022-08-01,85.31,7004481,84.45,85.42,83.56,-0.0042021711217462565,-0.025251371115173615,2022-08,0.002939101810486715
2022-07-29,84.49,11474870,84.5,85.41,84.31,-0.009612003282147508,-0.03966810638781548,2022-07,-0.04651438040004726
2022-07-28,84.54,13561460,84.81,86.27,84.29,0.0005917860101789518,-0.03909979540804731,2022-07,-0.04651438040004726
2022-07-27,80.38,6056151,80.03,80.78,79.55,-0.04920747575112383,-0.07032153597039092,2022-07,-0.04651438040004726
2022-07-26,79.91,6740940,80.54,80.62,79.18,-0.005847225678029311,-0.06723473794793988,2022-07,-0.04651438040004726
2022-07-25,80.98,5035636,80.0,81.04,79.48,0.013390063821799636,-0.05075606611182748,2022-07,-0.04651438040004726
2022-07-22,80.25,11517230,80.13,81.8,79.26,-0.009014571499135648,-0.05018345366315535,2022-07,-0.04651438040004726
2022-07-21,78.87,7847605,78.72,78.96,78.13,-0.017196261682242975,-0.06706884315117101,2022-07,-0.04651438040004726
2022-07-20,78.32,6323732,79.16,79.4,77.86,-0.0069735006973502545,-0.025628265737745792,2022-07,-0.04651438040004726
2022-07-19,78.93,6403986,78.13,79.335,77.92,0.0077885597548521535,-0.012263796771367685,2022-07,-0.04651438040004726
2022-07-18,77.51,6610894,78.33,78.66,77.5,-0.01799062460407963,-0.04285008644109656,2022-07,-0.04651438040004726
2022-07-15,78.71,8780599,78.25,78.85,76.33,0.015481873306669947,-0.019190031152648057,2022-07,-0.04651438040004726
2022-07-14,80.13,6124510,78.71,80.35,78.52,0.018040909668403105,0.01597565614301999,2022-07,-0.04651438040004726
2022-07-13,80.26,7552499,79.38,81.3,79.07,0.0016223636590542156,0.024770173646578186,2022-07,-0.04651438040004726
2022-07-12,79.95,7554112,80.55,80.9,79.52,-0.0038624470470969285,0.012922843025465536,2022-07,-0.04651438040004726
2022-07-11,80.68,6100477,80.0,80.9752,79.715,0.009130706691682366,0.040897948651786864,2022-07,-0.04651438040004726
2022-07-08,80.25,5708363,79.7,80.4285,79.41,-0.005329697570649605,0.019565493584042803,2022-07,-0.04651438040004726
2022-07-07,80.38,5498179,79.83,80.575,79.8128,0.0016199376947039212,0.0031199301135653723,2022-07,-0.04651438040004726
2022-07-06,79.57,7918440,79.7,80.2,78.6,-0.01007713361532725,-0.008597059556441744,2022-07,-0.04651438040004726
2022-07-05,79.11,11279200,80.5,80.72,77.56,-0.005781073268819825,-0.010506566604127632,2022-07,-0.04651438040004726
2022-07-01,80.56,7718439,78.33,80.64,78.09,0.018328909113892067,-0.0014873574615766882,2022-07,-0.04651438040004726
2022-06-30,77.46,8872992,75.46,78.24,75.32,-0.03848063555114212,-0.034766355140187,2022-06,-0.01665375677769161
2022-06-29,76.0,7082185,76.1,76.5432,75.26,-0.018848437903433934,-0.05449116695695444,2022-06,-0.01665375677769161
2022-06-28,76.44,6140782,77.91,78.33,76.23,0.0057894736842105665,-0.03933643332914405,2022-06,-0.01665375677769161
2022-06-27,77.89,6557215,77.73,78.18,77.36,0.018969126111983314,-0.015421564909619545,2022-06,-0.01665375677769161
2022-06-24,78.02,9320546,77.33,78.13,76.63,0.0016690204134035547,-0.03152929493545187,2022-06,-0.01665375677769161
2022-06-23,77.2,12502550,75.54,77.405,75.32,-0.010510125608818144,-0.0033565711334880843,2022-06,-0.01665375677769161
2022-06-22,74.69,12687570,72.2,75.55,71.85,-0.03251295336787574,-0.017236842105263217,2022-06,-0.01665375677769161
2022-06-21,72.73,8466948,70.8,73.4,70.8,-0.026241799437675684,-0.04853479853479847,2022-06,-0.01665375677769161
2022-06-17,70.81,15918970,70.64,72.75,70.64,-0.026399010037123638,-0.09089741943766849,2022-06,-0.01665375677769161
2022-06-16,70.87,12729160,72.71,73.08,70.12,0.0008473379466178432,-0.09164316841835418,2022-06,-0.01665375677769161
2022-06-15,74.19,12085300,72.46,75.55,72.21,0.046846338366022255,-0.0389896373056996,2022-06,-0.01665375677769161
2022-06-14,71.48,11412710,72.31,73.12,70.265,-0.036527833939884014,-0.042977640915785154,2022-06,-0.01665375677769161
2022-06-13,72.41,11882260,74.58,74.76,71.96,0.01301063234471167,-0.004399835006187347,2022-06,-0.01665375677769161
2022-06-10,75.91,8598729,76.55,76.9,75.77,0.048335865211987405,0.07202372546250513,2022-06,-0.01665375677769161
2022-06-09,77.34,8354816,78.24,78.865,77.3,0.01883809774733236,0.09129391844221812,2022-06,-0.01665375677769161
2022-06-08,78.49,5198031,78.98,79.58,78.24,0.014869407809671387,0.05795929370535102,2022-06,-0.01665375677769161
2022-06-07,79.78,7405617,79.76,80.18,78.279,0.01643521467702902,0.11611639619473979,2022-06,-0.01665375677769161
2022-06-06,80.19,12716930,81.19,81.49,80.0736,0.005139132614690345,0.10744372324264617,2022-06,-0.01665375677769161
2022-06-03,78.69,9293717,78.09,78.945,77.8,-0.018705574261129843,0.03662231590040843,2022-06,-0.01665375677769161
2022-06-02,78.52,9640582,76.45,78.65,76.0,-0.0021603761596137305,0.01525730540470649,2022-06,-0.01665375677769161
2022-06-01,76.17,7994137,75.76,76.63,75.33,-0.029928680590932122,-0.02955790546566428,2022-06,-0.01665375677769161
2022-05-31,75.69,29712070,76.78,76.94,75.17,-0.006301693580149759,-0.051265981448984754,2022-05,-0.07689258818866421
2022-05-27,77.43,9435316,74.49,77.45,74.17,0.02298850574712663,-0.034418256640478706,2022-05,-0.07689258818866421
2022-05-26,75.04,9431312,75.05,75.745,74.77,-0.030866589177321435,-0.04638454695641114,2022-05,-0.07689258818866421
2022-05-25,74.79,11192150,75.12,75.15,73.59,-0.003331556503198274,-0.047503820682628484,2022-05,-0.07689258818866421
2022-05-24,74.67,11133490,72.61,74.915,72.17,-0.0016044925792219056,-0.019692792437967732,2022-05,-0.07689258818866421
2022-05-23,72.55,10378700,71.81,72.59,71.4599,-0.028391589661175942,-0.041485004624124744,2022-05,-0.07689258818866421
2022-05-20,71.22,9747755,70.9,71.555,69.98,-0.0183321847002067,-0.08020147229755914,2022-05,-0.07689258818866421
2022-05-19,70.46,9593613,71.09,71.09,69.53,-0.010671159786576845,-0.061034115138592915,2022-05,-0.07689258818866421
2022-05-18,71.0,10316930,71.79,72.25,70.705,0.007663922793074152,-0.050675223960422566,2022-05,-0.07689258818866421
2022-05-17,72.02,8889290,70.9,72.03,70.13,0.014366197183098617,-0.03548948707646993,2022-05,-0.07689258818866421
2022-05-16,70.12,7339495,69.64,70.72,69.4,-0.026381560677589455,-0.03349414197105438,2022-05,-0.07689258818866421
2022-05-13,69.8,8010789,69.43,70.19,68.53,-0.004563605248146141,-0.01993821960123565,2022-05,-0.07689258818866421
2022-05-12,68.51,15364930,69.59,70.49,67.22,-0.018481375358166074,-0.027675276752767375,2022-05,-0.07689258818866421
2022-05-11,70.2,11129160,69.65,71.35,69.54,0.024667931688804545,-0.011267605633802802,2022-05,-0.07689258818866421
2022-05-10,69.99,14731910,71.0,71.74,68.72,-0.002991452991453092,-0.02818661482921414,2022-05,-0.07689258818866421
2022-05-09,70.71,10442850,71.8,72.08,70.26,0.010287183883411988,0.008414147176269093,2022-05,-0.07689258818866421
2022-05-06,72.47,9364858,71.26,72.86,71.0889,0.02489039739782206,0.038252148997134805,2022-05,-0.07689258818866421
2022-05-05,71.84,10382390,72.7,72.97,71.2,-0.00869325238029528,0.04860604291344317,2022-05,-0.07689258818866421
2022-05-04,73.06,10859580,72.0,73.33,70.73,0.01698218262806228,0.040740740740740744,2022-05,-0.07689258818866421
2022-05-03,70.76,10419990,70.0,71.53,69.57,-0.031480974541472695,0.011001571653093345,2022-05,-0.07689258818866421
2022-05-02,69.87,14338300,71.1,71.51,68.52,-0.012577727529677785,-0.011879507848960413,2022-05,-0.07689258818866421
2022-04-29,71.02,14912850,72.88,73.45,70.88,0.01645913839988533,-0.020008279287981323,2022-04,0.20684314277668261
2022-04-28,73.49,11325720,73.5,73.911,72.77,0.034778935511123654,0.022967706013362843,2022-04,0.20684314277668261
2022-04-27,73.27,10989630,73.83,75.14,73.185,-0.0029936045720505566,0.0028743498494387953,2022-04,0.20684314277668261
2022-04-26,73.57,10971640,74.05,74.97,73.49,0.00409444520267499,0.03971170152628578,2022-04,0.20684314277668261
2022-04-25,74.04,15697920,74.0,74.51,71.59,0.006388473562593644,0.059682267067410866,2022-04,0.20684314277668261
2022-04-22,73.95,15284830,76.17,76.37,73.88,-0.001215559157212387,0.041255984229794596,2022-04,0.20684314277668261
2022-04-21,76.18,17712830,80.32,81.0,75.98,0.03015551048005416,0.03660361954007363,2022-04,0.20684314277668261
2022-04-20,81.51,8457127,83.03,83.03,81.32,0.06996587030716728,0.11246076156680784,2022-04,0.20684314277668261
2022-04-19,81.83,8104770,81.76,82.1,81.11,0.003925898662740623,0.11227402473834447,2022-04,0.20684314277668261
2022-04-18,81.71,6279188,83.0,83.61,81.06,-0.0014664548454113024,0.10359265262020512,2022-04,0.20684314277668261
2022-04-14,82.81,7164130,83.55,83.89,82.78,0.013462244523314348,0.11981068289384722,2022-04,0.20684314277668261
2022-04-13,83.55,7858452,84.37,84.48,83.08,0.00893611882622869,0.09674455237595159,2022-04,0.20684314277668261
2022-04-12,83.89,8714757,84.45,84.84,83.38,0.004069419509275862,0.029198871304134455,2022-04,0.20684314277668261
2022-04-11,84.58,6745351,86.15,86.22,84.351,0.008225056621766536,0.03360625687400698,2022-04,0.20684314277668261
2022-04-08,86.09,5731579,87.16,87.52,85.9605,0.017852920312130482,0.053604210011014786,2022-04,0.20684314277668261
2022-04-07,87.08,7817509,86.3,87.29,85.7,0.011499593448716317,0.051563820794589876,2022-04,0.20684314277668261
2022-04-06,86.49,7621879,86.17,86.52,85.4324,-0.00677537896187419,0.03518850987432676,2022-04,0.20684314277668261
2022-04-05,86.33,7203263,85.86,87.45,85.72,-0.0018499248468030194,0.02908570747407313,2022-04,0.20684314277668261
2022-04-04,85.62,6465738,85.64,85.91,84.64,-0.008224255762770638,0.01229605107590448,2022-04,0.20684314277668261
2022-04-01,85.71,6453765,84.49,85.795,84.125,0.0010511562718988898,-0.004413985364153938,2022-04,0.20684314277668261
2022-03-31,84.71,10082910,85.06,86.28,84.71,-0.01166725002916813,-0.027216352779053765,2022-03,-0.08582221697556365
2022-03-30,85.5,6829267,85.13,85.775,84.63,0.00932593554479988,-0.01144640998959412,2022-03,-0.08582221697556365
2022-03-29,84.62,8954273,85.0,85.04,83.65,-0.010292397660818686,-0.019807714583574554,2022-03,-0.08582221697556365
2022-03-28,84.43,6177702,84.05,84.72,83.675,-0.0022453320727959802,-0.013898621817332368,2022-03,-0.08582221697556365
2022-03-25,83.94,5482368,84.09,84.24,83.21,-0.005803624304157373,-0.02065103255162759,2022-03,-0.08582221697556365
2022-03-24,83.7,5498108,82.91,83.79,82.76,-0.002859185132237263,-0.011923031519301075,2022-03,-0.08582221697556365
2022-03-23,82.57,6125879,82.48,83.1,82.01,-0.013500597371565282,-0.03426900584795334,2022-03,-0.08582221697556365
2022-03-22,82.85,8516858,81.87,82.955,81.42,0.0033910621291026732,-0.02091704088867896,2022-03,-0.08582221697556365
2022-03-21,81.8,7181684,82.0,82.76,81.485,-0.012673506336753126,-0.031150065142721894,2022-03,-0.08582221697556365
2022-03-18,82.37,13470790,82.92,83.49,82.24,0.006968215158924318,-0.01870383607338566,2022-03,-0.08582221697556365
2022-03-17,82.69,6341919,82.56,83.24,82.42,0.0038849095544493117,-0.012066905615292778,2022-03,-0.08582221697556365
2022-03-16,82.51,8261224,81.85,82.7429,80.84,-0.0021768049340911144,-0.0007266561705218111,2022-03,-0.08582221697556365
2022-03-15,81.98,9567041,80.2,82.255,80.1,-0.006423463822566977,-0.010500905250452552,2022-03,-0.08582221697556365
2022-03-14,79.28,7133771,79.68,80.6406,78.7,-0.032934862161502876,-0.030806845965770102,2022-03,-0.08582221697556365
2022-03-11,79.3,7230646,80.3,81.09,79.235,0.00025227043390518844,-0.03727085103799932,2022-03,-0.08582221697556365
2022-03-10,80.16,9554345,79.56,80.46,78.44,0.010844892812105877,-0.03059620268472607,2022-03,-0.08582221697556365
2022-03-09,80.32,12710000,82.38,82.48,80.11,0.001996007984031989,-0.026542237304569283,2022-03,-0.08582221697556365
2022-03-08,81.95,14717620,84.31,85.4,81.74,0.02029382470119545,-0.00036594291290559244,2022-03,-0.08582221697556365
2022-03-07,84.18,19948910,80.96,84.39,80.72,0.027211714460036562,0.061806256306760954,2022-03,-0.08582221697556365
2022-03-04,80.21,8996514,78.93,80.45,78.48,-0.04716084580660507,0.011475409836065431,2022-03,-0.08582221697556365
2022-03-03,78.79,10075520,77.85,79.355,77.66,-0.017703528238374067,-0.017090818363273308,2022-03,-0.08582221697556365
2022-03-02,77.55,6988696,77.29,77.81,76.49,-0.015738037822058737,-0.03448705179282863,2022-03,-0.08582221697556365
2022-03-01,77.44,13930440,78.07,78.83,76.54,-0.0014184397163120588,-0.055033557046979875,2022-03,-0.08582221697556365
2022-02-28,78.27,16345680,77.09,78.87,76.8,0.010717975206611552,-0.0702066999287243,2022-02,-0.01328733869937386
2022-02-25,77.16,12609480,76.12,77.24,75.22,-0.014181678804139564,-0.03802518389228271,2022-02,-0.01328733869937386
2022-02-24,75.44,15750420,71.0,75.78,70.7402,-0.022291342664593095,-0.04251808605152951,2022-02,-0.01328733869937386
2022-02-23,72.32,7837056,74.22,74.42,72.22,-0.04135737009544016,-0.06744036105738238,2022-02,-0.01328733869937386
2022-02-22,73.78,8233368,73.93,74.46,73.27,0.020188053097345282,-0.04726239669421484,2022-02,-0.01328733869937386
2022-02-18,74.15,9558597,74.96,75.81,73.815,0.0050149091894822195,-0.052638303309058276,2022-02,-0.01328733869937386
2022-02-17,75.38,10093090,74.72,75.84,74.485,0.0165879973027645,-0.02306894764126488,2022-02,-0.01328733869937386
2022-02-16,75.23,7505070,75.13,75.64,74.48,-0.0019899177500661835,-0.0027836691410391134,2022-02,-0.01328733869937386
2022-02-15,75.09,9102501,75.73,76.47,74.74,-0.0018609597235145214,0.03830199115044253,2022-02,-0.01328733869937386
2022-02-14,74.92,8329188,74.95,75.31,73.875,-0.002263949926754605,0.015451341827053433,2022-02,-0.01328733869937386
2022-02-11,74.96,8999327,75.9,76.7,74.67,0.0005339028296849069,0.010923803101820395,2022-02,-0.01328733869937386
2022-02-10,75.45,9673297,74.91,76.85,74.7,0.0065368196371400344,0.0009286282833644854,2022-02,-0.01328733869937386
2022-02-09,76.66,7390923,76.61,77.27,76.32,0.016037110669317345,0.019008374318755683,2022-02,-0.01328733869937386
2022-02-08,75.46,6758461,75.75,76.75,75.22,-0.015653535090007886,0.004927420428818552,2022-02,-0.01328733869937386
2022-02-07,75.68,8184500,76.0,76.12,75.3,0.00291545189504383,0.010144153764015007,2022-02,-0.01328733869937386
2022-02-04,76.01,12132130,75.1,76.84,74.54,0.0043604651162789665,0.014007470651014042,2022-02,-0.01328733869937386
2022-02-03,75.77,7960725,76.56,77.29,75.43,-0.003157479279042308,0.004241219350563208,2022-02,-0.01328733869937386
2022-02-02,77.73,8397670,77.42,78.005,76.83,0.0258677576877393,0.013957735455257136,2022-02,-0.01328733869937386
2022-02-01,77.23,12082920,78.04,79.47,76.0265,-0.006432522835456034,0.023456135701033887,2022-02,-0.01328733869937386
2022-01-31,78.12,21787790,72.91,78.3,72.75,0.011524019163537513,0.03224101479915431,2022-01,0.17332309267793128
2022-01-28,72.5,25537080,72.32,72.95,69.79,-0.07194060419866877,-0.046178134455992725,2022-01,0.17332309267793128
2022-01-27,72.51,21252750,73.3,74.39,72.41,0.00013793103448289656,-0.043024943909198754,2022-01,0.17332309267793128
2022-01-26,72.64,24721670,76.5,76.5294,72.36,0.0017928561577713609,-0.06548308246494283,2022-01,0.17332309267793128
2022-01-25,75.1,22925030,78.2,80.19,74.79,0.03386563876651971,-0.02757995597565721,2022-01,0.17332309267793128
2022-01-24,81.92,14694980,81.65,82.045,79.24,0.09081225033288964,0.04864311315924219,2022-01,0.17332309267793128
2022-01-21,82.6,12809060,83.7,83.93,81.835,0.00830078125,0.13931034482758609,2022-01,0.17332309267793128
2022-01-20,83.51,12028920,83.32,85.275,83.15,0.011016949152542477,0.1517032133498828,2022-01,0.17332309267793128
2022-01-19,82.59,9673853,81.04,83.351,81.0,-0.011016644713208068,0.13697687224669597,2022-01,0.17332309267793128
2022-01-18,81.25,10848140,82.0,82.17,80.7,-0.016224724542922897,0.08189081225033301,2022-01,0.17332309267793128
2022-01-14,83.2,11084270,84.88,85.145,82.67,0.02400000000000002,0.015625,2022-01,0.17332309267793128
2022-01-13,84.9,7203060,85.58,85.81,84.72,0.02043269230769229,0.02784503631961277,2022-01,0.17332309267793128
2022-01-12,85.09,6484042,84.28,85.81,84.1,0.0022379269729093654,0.01891988983355275,2022-01,0.17332309267793128
2022-01-11,84.79,8395893,83.83,85.01,83.68,-0.0035256786931483486,0.026637607458530166,2022-01,0.17332309267793128
2022-01-10,84.29,11378660,85.8,86.36,83.74,-0.0058969218068168905,0.03741538461538463,2022-01,0.17332309267793128
2022-01-07,86.41,13359260,85.77,86.865,84.51,0.025151263495076348,0.03858173076923066,2022-01,0.17332309267793128
2022-01-06,85.77,12658590,89.09,89.36,85.65,-0.007406550167804671,0.010247349823321539,2022-01,0.17332309267793128
2022-01-05,89.73,6722525,90.28,91.4953,89.68,0.04616998950682061,0.05453049712069569,2022-01,0.17332309267793128
2022-01-04,90.68,8379249,91.65,91.93,90.62,0.01058731750807973,0.0694657388843023,2022-01,0.17332309267793128
2022-01-03,91.66,7865567,93.42,93.65,90.54,0.010807234230260088,0.08743623205599693,2022-01,0.17332309267793128
2021-12-31,93.36,4811867,92.58,93.73,92.5,0.018546803403884038,0.08043050572850374,2021-12,-0.059125964010282736
2021-12-30,92.77,3716396,92.23,92.91,91.8125,-0.006319622964867211,0.0816136178150868,2021-12,-0.059125964010282736
2021-12-29,91.99,2945412,91.95,92.26,91.59,-0.008407890481836766,0.02518667112448436,2021-12,-0.059125964010282736
2021-12-28,91.88,3097581,91.66,92.1899,91.51,-0.0011957821502337485,0.013233348037053227,2021-12,-0.059125964010282736
2021-12-27,91.32,5410410,90.85,91.35,90.63,-0.006094906399651712,-0.003709360680776874,2021-12,-0.059125964010282736
2021-12-23,90.7,5845630,90.68,91.31,90.4,-0.006789312308366102,-0.028491859468723235,2021-12,-0.059125964010282736
2021-12-22,90.8,4143104,90.24,90.88,89.89,0.0011025358324145973,-0.021235313140023693,2021-12,-0.059125964010282736
2021-12-21,90.45,6287882,90.65,91.3391,89.36,-0.0038546255506607396,-0.016740950103272034,2021-12,-0.059125964010282736
2021-12-20,89.94,10167720,89.8,90.08,88.505,-0.005638474295190821,-0.021114497170221957,2021-12,-0.059125964010282736
2021-12-17,90.94,15343330,92.0,92.36,90.74,0.011118523460084573,-0.004161191414804977,2021-12,-0.059125964010282736
2021-12-16,92.23,7623333,91.62,92.7,91.52,0.014185177039806485,0.016868798235942783,2021-12,-0.059125964010282736
2021-12-15,92.0,9590049,90.29,92.06,89.58,-0.0024937655860349794,0.013215859030837107,2021-12,-0.059125964010282736
2021-12-14,90.03,11022620,91.23,91.65,89.45,-0.021413043478260896,-0.004643449419568846,2021-12,-0.059125964010282736
2021-12-13,91.74,6446514,90.26,92.115,90.14,0.018993668777074202,0.020013342228152098,2021-12,-0.059125964010282736
2021-12-10,90.28,4996753,90.01,90.9,89.8,-0.01591454109439716,-0.00725753243897076,2021-12,-0.059125964010282736
2021-12-09,89.91,5731213,90.5,90.5,89.51,-0.004098360655737765,-0.025154505041743547,2021-12,-0.059125964010282736
2021-12-08,90.32,5356519,90.7,90.92,89.59,0.004560115671226717,-0.01826086956521744,2021-12,-0.059125964010282736
2021-12-07,90.41,7909730,89.53,90.545,88.9375,0.0009964570416298724,0.004220815283794144,2021-12,-0.059125964010282736
2021-12-06,89.15,8946614,88.07,89.75,87.88,-0.013936511447848576,-0.02823195988663607,2021-12,-0.059125964010282736
2021-12-03,88.03,11191050,89.15,89.15,86.016,-0.012563095905776867,-0.024922463447053622,2021-12,-0.059125964010282736
2021-12-02,88.62,8303507,87.95,89.52,87.61,0.006702260592979625,-0.01434768101434758,2021-12,-0.059125964010282736
2021-12-01,87.84,10063580,87.0,89.68,87.0,-0.008801624915368955,-0.027457927369353263,2021-12,-0.059125964010282736
2021-11-30,86.78,16328320,88.05,88.95,86.42,-0.012067395264116598,-0.04015042583784978,2021-11,-0.013712837059230211
2021-11-29,88.66,8712519,87.22,88.92,86.55,0.02166397787508645,-0.005496354458777497,2021-11,-0.013712837059230211
2021-11-26,86.09,4340680,86.92,87.45,85.86,-0.028987141890367663,-0.022037941610814515,2021-11,-0.013712837059230211
2021-11-24,87.21,4553877,86.61,87.3,86.19,0.013009641073295386,-0.015910629654705577,2021-11,-0.013712837059230211
2021-11-23,87.31,7407983,87.1,87.9,86.53,0.0011466574934069218,-0.006033697632058299,2021-11,-0.013712837059230211
2021-11-22,87.36,5214530,88.15,88.42,87.33,0.0005726720879624114,0.006683567642313815,2021-11,-0.013712837059230211
2021-11-19,88.31,6765477,88.0,88.825,87.0,0.010874542124542197,-0.00394766523798773,2021-11,-0.013712837059230211
2021-11-18,87.6,5537871,87.72,87.88,86.82,-0.008039859585550979,0.01753978394703215,2021-11,-0.013712837059230211
2021-11-17,87.78,6203092,86.83,87.88,86.41,0.00205479452054802,0.006535947712418277,2021-11,-0.013712837059230211
2021-11-16,86.98,5497172,87.07,87.42,86.6719,-0.00911369332421963,-0.003779635780552071,2021-11,-0.013712837059230211
2021-11-15,87.34,5543270,86.91,87.35,86.47,0.004138882501724561,-0.00022893772893772812,2021-11,-0.013712837059230211
2021-11-12,86.31,6467097,85.37,86.67,85.03,-0.01179299290130531,-0.022647491790284247,2021-11,-0.013712837059230211
2021-11-11,85.37,5370538,85.47,85.5,84.57,-0.010890974394624053,-0.025456621004566138,2021-11,-0.013712837059230211
2021-11-10,85.2,5192569,84.94,85.37,84.51,-0.0019913318495958787,-0.029391660970608302,2021-11,-0.013712837059230211
2021-11-09,84.94,3917872,84.69,85.17,84.36,-0.003051643192488296,-0.023453667509772402,2021-11,-0.013712837059230211
2021-11-08,84.59,5391028,85.53,85.6,84.04,-0.0041205556863668225,-0.03148614609571787,2021-11,-0.013712837059230211
2021-11-05,85.53,4885446,84.75,85.71,84.32,0.011112424636481766,-0.009037191518943333,2021-11,-0.013712837059230211
2021-11-04,84.76,6593952,85.16,85.39,83.17,-0.009002689114930407,-0.00714536722502046,2021-11,-0.013712837059230211
2021-11-03,85.24,5723226,85.67,85.8,84.24,0.005663048607833732,0.0004694835680749687,2021-11,-0.013712837059230211
2021-11-02,85.42,7266589,85.85,86.24,84.39,0.0021116846550914836,0.005651047798445941,2021-11,-0.013712837059230211
2021-11-01,85.59,5135356,85.44,85.82,84.93,0.001990166237415103,0.011821728336682824,2021-11,-0.013712837059230211
2021-10-29,85.33,7792641,86.17,86.46,84.94,-0.00303773805351093,-0.0023383608090729036,2021-10,-0.07172155162311034
2021-10-28,86.42,6568440,84.92,86.49,84.73,0.012773936481893955,0.0195847097687587,2021-10,-0.07172155162311034
2021-10-27,85.01,4356891,86.01,86.35,84.7625,-0.01631566766952086,-0.0026982637259501674,2021-10,-0.07172155162311034
2021-10-26,85.47,6969242,84.41,86.28,84.37,0.005411128102576157,0.0005853430110043245,2021-10,-0.07172155162311034
2021-10-25,84.29,3987335,84.4,84.81,83.93,-0.013806013806013762,-0.015188690267554539,2021-10,-0.07172155162311034
2021-10-22,84.42,4732452,83.97,84.59,83.74,0.0015422944596037436,-0.01066447908121404,2021-10,-0.07172155162311034
2021-10-21,83.81,4945087,84.21,84.7,83.72,-0.007225775882492291,-0.030201342281879207,2021-10,-0.07172155162311034
2021-10-20,83.92,6942573,82.75,84.66,82.38,0.0013124925426559741,-0.012822020938713097,2021-10,-0.07172155162311034
2021-10-19,82.03,5717490,81.72,82.15,81.22,-0.022521448999046734,-0.040248040248040184,2021-10,-0.07172155162311034
2021-10-18,80.99,4942093,81.34,81.66,80.76,-0.01267828843106189,-0.03915055166686454,2021-10,-0.07172155162311034
2021-10-15,81.67,14634320,81.94,82.45,81.2,0.008396098283738773,-0.03257521914238337,2021-10,-0.07172155162311034
2021-10-14,81.46,6485984,80.355,81.85,80.21,-0.0025713236194442324,-0.02803961341128758,2021-10,-0.07172155162311034
2021-10-13,80.19,6262681,79.04,80.365,78.59,-0.015590473852197362,-0.044447092469018123,2021-10,-0.07172155162311034
2021-10-12,78.87,7791238,78.1,79.18,77.57,-0.016460905349794164,-0.03852249177130318,2021-10,-0.07172155162311034
2021-10-11,77.83,8798686,79.2,79.36,77.735,-0.013186255864080176,-0.03901716261266819,2021-10,-0.07172155162311034
2021-10-08,80.21,3593132,81.01,81.03,80.15,0.030579468071437743,-0.01787682135423052,2021-10,-0.07172155162311034
2021-10-07,80.92,5753531,81.48,82.605,80.79,0.0088517641191872,-0.006629020378099537,2021-10,-0.07172155162311034
2021-10-06,81.18,6876164,79.26,81.29,78.645,0.0032130499258526957,0.012345679012345734,2021-10,-0.07172155162311034
2021-10-05,79.48,5434634,79.43,79.9,79.09,-0.020941118502094125,0.007734246227970143,2021-10,-0.07172155162311034
2021-10-04,79.36,6027836,79.05,79.924,78.51,-0.0015098137896326635,0.019658229474495803,2021-10,-0.07172155162311034
2021-10-01,79.21,7961191,79.02,79.59,78.02,-0.0018901209677419928,-0.012467273407305801,2021-10,-0.07172155162311034
2021-09-30,78.52,10188220,78.84,79.41,77.9,-0.008711021335689906,-0.029658922392486464,2021-09,0.0868568517575141
2021-09-29,78.35,7496134,77.62,79.03,77.45,-0.0021650534895568674,-0.034860803153486275,2021-09,0.0868568517575141
2021-09-28,77.27,9257726,78.48,78.59,77.01,-0.013784301212507954,-0.027805737292400656,2021-09,0.0868568517575141
2021-09-27,78.76,8600913,80.01,80.785,78.55,0.019283033518830095,-0.007560483870967638,2021-09,0.0868568517575141
2021-09-24,80.7,6114089,81.24,81.73,80.49,0.024631792788217366,0.018810756217649383,2021-09,0.0868568517575141
2021-09-23,81.27,6414328,82.18,82.38,81.135,0.0070631970260222054,0.03502292409577179,2021-09,0.0868568517575141
2021-09-22,81.9,5662292,82.09,82.91,81.57,0.007751937984496138,0.045309508615188454,2021-09,0.0868568517575141
2021-09-21,81.92,6450728,81.93,82.859,81.7318,0.00024420024420024333,0.060178594538630836,2021-09,0.0868568517575141
2021-09-20,81.69,8994275,81.54,82.54,80.66,-0.0028076171875,0.03720162519045189,2021-09,0.0868568517575141
2021-09-17,81.64,15398330,83.4,83.93,81.545,-0.000612070020810318,0.011648079306071812,2021-09,0.0868568517575141
2021-09-16,84.0,5380677,84.48,84.97,83.66,0.028907398334149903,0.033591731266150004,2021-09,0.0868568517575141
2021-09-15,84.61,5707060,84.33,85.14,84.06,0.007261904761904692,0.03308913308913297,2021-09,0.0868568517575141
2021-09-14,84.64,4658308,84.79,85.19,84.45,0.0003545680179648514,0.033203125,2021-09,0.0868568517575141
2021-09-13,84.58,6498792,85.89,85.94,84.385,-0.0007088846880907163,0.03537764720283998,2021-09,0.0868568517575141
2021-09-10,84.93,5508194,85.97,85.97,84.6047,0.004138094112083435,0.040298873101420885,2021-09,0.0868568517575141
2021-09-09,85.84,4108268,86.29,86.67,85.75,0.010714706228658777,0.02190476190476187,2021-09,0.0868568517575141
2021-09-08,86.44,6230117,85.12,86.97,84.79,0.006989748369058635,0.021628649095851493,2021-09,0.0868568517575141
2021-09-07,85.03,6791395,85.44,85.49,84.47,-0.016311892642295156,0.004607750472589878,2021-09,0.0868568517575141
2021-09-03,85.69,4621683,85.76,86.31,85.38,0.0077619663648123005,0.013123669898321033,2021-09,0.0868568517575141
2021-09-02,86.48,5222042,85.42,86.51,85.42,0.00921927879565887,0.01825032379606739,2021-09,0.0868568517575141
2021-09-01,85.34,5862467,84.15,85.76,84.06,-0.013182238667900137,-0.005824790307548899,2021-09,0.0868568517575141
2021-08-31,83.99,6844079,83.82,84.44,83.505,-0.015819076634637996,-0.028343359555761283,2021-08,-0.061674008810572604
2021-08-30,83.95,6001736,83.26,84.25,83.01,-0.00047624717228234026,-0.012701399506056643,2021-08,-0.061674008810572604
2021-08-27,83.41,5974286,83.94,84.19,83.34,-0.0064324002382371015,-0.026607538802660757,2021-08,-0.061674008810572604
2021-08-26,83.81,5294036,84.11,84.19,83.67,0.0047955880589858335,-0.030874190564292303,2021-08,-0.061674008810572604
2021-08-25,84.53,5930314,84.14,84.86,83.58,0.008590860279202861,-0.009491445980782776,2021-08,-0.061674008810572604
2021-08-24,84.14,5786105,84.23,84.48,83.41,-0.004613746598840618,0.0017859268960591645,2021-08,-0.061674008810572604
2021-08-23,84.4,8837088,85.81,86.08,84.01,0.003090087948657061,0.005360333531864159,2021-08,-0.061674008810572604
2021-08-20,86.28,7589673,84.54,86.43,84.02,0.02227488151658763,0.034408344323222595,2021-08,-0.061674008810572604
2021-08-19,84.55,6968132,83.97,85.1,83.92,-0.02005099675475197,0.008829495286958533,2021-08,-0.061674008810572604
2021-08-18,84.42,9511749,84.23,84.96,83.89,-0.0015375517445298525,-0.0013013131432627612,2021-08,-0.061674008810572604
2021-08-17,83.96,5257074,83.6,84.0,83.12,-0.00544894574745336,-0.002139291656762632,2021-08,-0.061674008810572604
2021-08-16,83.95,8579942,83.45,84.43,83.145,-0.00011910433539774612,-0.005331753554502439,2021-08,-0.061674008810572604
2021-08-13,83.45,3999620,83.25,83.545,82.83,-0.005955926146515744,-0.032800185442744545,2021-08,-0.061674008810572604
2021-08-12,83.0,6763081,82.02,83.125,81.83,-0.005392450569203122,-0.01833234772324066,2021-08,-0.061674008810572604
2021-08-11,82.37,9419301,81.14,83.41,80.97,-0.007590361445783067,-0.024283345178867544,2021-08,-0.061674008810572604
2021-08-10,80.53,4506801,80.68,80.8108,80.2,-0.02233822993808432,-0.040852787041448235,2021-08,-0.061674008810572604
2021-08-09,80.56,5621878,80.96,81.14,80.12,0.0003725319756613388,-0.04038117927337703,2021-08,-0.061674008810572604
2021-08-06,80.61,4634514,80.49,81.0,80.06,0.0006206554121150898,-0.03403235470341526,2021-08,-0.061674008810572604
2021-08-05,80.49,6283837,79.79,80.62,79.53,-0.0014886490509863348,-0.030240963855421743,2021-08,-0.061674008810572604
2021-08-04,79.87,8050180,79.36,80.0,78.77,-0.007702820226114904,-0.03035085589413622,2021-08,-0.061674008810572604
2021-08-03,79.42,6249519,78.75,79.85,78.37,-0.005634155502691862,-0.013783683099465982,2021-08,-0.061674008810572604
2021-08-02,78.81,7520735,78.47,78.91,78.13,-0.007680684966003493,-0.021722939424031806,2021-08,-0.061674008810572604
2021-07-30,77.9,5489214,77.98,78.85,77.74,-0.01154675802563121,-0.03361865773477224,2021-07,-0.047625160462131035
2021-07-29,78.16,4141909,78.0,78.4,77.62,0.003337612323491612,-0.02894769536588393,2021-07,-0.047625160462131035
2021-07-28,77.85,5177503,77.89,78.33,77.22,-0.003966223132036872,-0.025291098034305848,2021-07,-0.047625160462131035
2021-07-27,77.86,7592122,76.88,77.98,76.112,0.00012845215157364365,-0.019642407454041777,2021-07,-0.047625160462131035
2021-07-26,76.91,6014052,76.79,77.14,76.435,-0.012201387105060357,-0.02410861565791156,2021-07,-0.047625160462131035
2021-07-23,77.2,4953605,76.53,77.41,75.92,0.0037706410089715092,-0.00898587933247752,2021-07,-0.047625160462131035
2021-07-22,76.12,5534769,75.99,76.65,75.89,-0.013989637305699465,-0.026100307062435935,2021-07,-0.047625160462131035
2021-07-21,75.88,8931948,77.17,77.28,75.805,-0.0031529164477142047,-0.02530507385998715,2021-07,-0.047625160462131035
2021-07-20,77.17,6562396,77.02,77.698,76.855,0.017000527148128608,-0.008862060107885927,2021-07,-0.047625160462131035
2021-07-19,76.99,9891840,77.43,78.38,76.02,-0.002332512634443562,0.0010401768300611902,2021-07,-0.047625160462131035
2021-07-16,77.92,9087965,76.87,78.35,76.87,0.012079490842966667,0.00932642487046631,2021-07,-0.047625160462131035
2021-07-15,76.82,7638248,75.66,76.88,75.19,-0.01411704312115003,0.009196006305832727,2021-07,-0.047625160462131035
2021-07-14,75.7,6956113,75.0,76.1699,74.64,-0.014579536579015784,-0.0023721665788085655,2021-07,-0.047625160462131035
2021-07-13,74.86,5165670,75.1,75.76,74.63,-0.011096433289299878,-0.02993391214202412,2021-07,-0.047625160462131035
2021-07-12,75.09,5743608,75.2,75.49,74.38,0.0030724018167245237,-0.02467852967917905,2021-07,-0.047625160462131035
2021-07-09,74.99,5592806,75.0,75.42,74.28,-0.001331735251032251,-0.03760266940451751,2021-07,-0.047625160462131035
2021-07-08,75.13,5881384,74.62,76.02,74.42,0.0018669155887451883,-0.02199947930226498,2021-07,-0.047625160462131035
2021-07-07,75.33,5661844,75.26,75.61,74.85,0.002662052442433227,-0.004887714663144083,2021-07,-0.047625160462131035
2021-07-06,75.13,6957513,74.51,75.17,74.04,-0.0026549847338378507,0.0036067325674591366,2021-07,-0.047625160462131035
2021-07-02,74.28,4282376,74.33,74.44,73.725,-0.011313722880340715,-0.010787055533360013,2021-07,-0.047625160462131035
2021-07-01,74.19,6423169,73.3,74.48,73.08,-0.0012116316639741997,-0.010668089078543774,2021-07,-0.047625160462131035
2021-06-30,73.28,8672907,74.27,74.485,73.07,-0.012265804016713844,-0.024623985092506295,2021-06,-0.01582969432314406
2021-06-29,74.08,6477528,74.75,75.65,74.025,0.01091703056768556,-0.016593654586486095,2021-06,-0.01582969432314406
2021-06-28,75.15,8444305,74.77,75.845,74.63,0.014443844492440627,0.00026620524424347813,2021-06,-0.01582969432314406
2021-06-25,73.86,6677085,73.22,73.955,73.21,-0.01716566866267477,-0.0056542810985460434,2021-06,-0.01582969432314406
2021-06-24,72.88,7925541,73.48,73.59,72.59,-0.013268345518548608,-0.01765736622186287,2021-06,-0.01582969432314406
2021-06-23,73.35,6079658,74.12,74.305,73.01,0.006448957189901128,0.0009552401746724115,2021-06,-0.01582969432314406
2021-06-22,74.11,5513307,74.18,74.74,74.08,0.010361281526925836,0.0004049676025918991,2021-06,-0.01582969432314406
2021-06-21,74.33,6499819,73.69,74.53,72.6183,0.002968560248279628,-0.010911510312707984,2021-06,-0.01582969432314406
2021-06-18,73.28,17538960,74.445,74.92,73.03,-0.014126193999730918,-0.007852694286487938,2021-06,-0.01582969432314406
2021-06-17,74.58,10553810,73.34,74.97,73.02,0.017740174672489006,0.023326015367727715,2021-06,-0.01582969432314406
2021-06-16,73.3,9646321,74.0,74.59,73.11,-0.017162778224725117,-0.0006816632583502846,2021-06,-0.01582969432314406
2021-06-15,73.43,7770482,73.42,74.07,73.065,0.0017735334242838796,-0.009175549858318588,2021-06,-0.01582969432314406
2021-06-14,73.31,4991867,73.61,73.94,73.025,-0.0016342094511780925,-0.013722588456881457,2021-06,-0.01582969432314406
2021-06-11,73.49,4548519,73.6,73.6,72.9238,0.0024553266948572627,0.0028657205240174566,2021-06,-0.01582969432314406
2021-06-10,73.51,8203306,72.34,73.55,72.17,0.0002721458701866464,-0.014347009922231035,2021-06,-0.01582969432314406
2021-06-09,72.45,6660486,72.37,72.9,72.065,-0.014419806829002901,-0.011596180081855256,2021-06,-0.01582969432314406
2021-06-08,72.14,5803236,72.92,73.11,71.71,-0.004278812974465196,-0.01756775160016355,2021-06,-0.01582969432314406
2021-06-07,72.47,5988535,72.57,72.95,72.11,0.004574438591627317,-0.011458191242668114,2021-06,-0.01582969432314406
2021-06-04,72.34,6586274,72.68,72.89,72.26,-0.0017938457292672183,-0.015648387535719066,2021-06,-0.01582969432314406
2021-06-03,72.37,8871512,72.02,72.98,72.02,0.0004147083218137837,-0.015508094136852169,2021-06,-0.01582969432314406
2021-06-02,72.71,6421068,72.08,73.17,71.82,0.0046980793146329525,0.0035886818495511896,2021-06,-0.01582969432314406
2021-06-01,72.12,9056101,73.4,73.4,72.04,-0.008114427176454275,-0.00027723870252283067,2021-06,-0.01582969432314406
2021-05-28,73.22,9178572,73.6,74.23,73.195,0.015252357182473641,0.010349109976542037,2021-05,0.047527997814804754
2021-05-27,73.0,10956060,73.62,73.81,72.8,-0.003004643540016394,0.009123583079900355,2021-05,0.047527997814804754
2021-05-26,73.47,7409048,73.4,73.81,73.05,0.006438356164383485,0.015199668370871722,2021-05,0.047527997814804754
2021-05-25,73.37,7440920,74.02,74.02,73.15,-0.0013610997686129833,0.00907715582450841,2021-05,0.047527997814804754
2021-05-24,74.03,6746870,74.77,74.88,73.92,0.008995502248875464,0.02648363838047696,2021-05,0.047527997814804754
2021-05-21,74.44,8689543,74.58,75.2468,73.99,0.00553829528569505,0.016662114176454468,2021-05,0.047527997814804754
2021-05-20,74.29,10798650,73.13,74.77,72.99,-0.0020150456743684986,0.01767123287671235,2021-05,0.047527997814804754
2021-05-19,72.66,8486579,71.61,72.72,71.2,-0.021941041862969524,-0.01102490812576562,2021-05,0.047527997814804754
2021-05-18,72.29,8195146,71.75,72.665,71.28,-0.005092210294522337,-0.014719912770887245,2021-05,0.047527997814804754
2021-05-17,71.9,10368030,73.0,73.16,71.71,-0.005394937059067684,-0.028772119411049513,2021-05,0.047527997814804754
2021-05-14,73.12,5446234,73.0,73.65,72.79,0.016968011126564653,-0.01773240193444381,2021-05,0.047527997814804754
2021-05-13,72.63,5469529,72.15,73.1363,71.68,-0.00670131291028464,-0.02234486471934327,2021-05,0.047527997814804754
2021-05-12,71.54,9093240,73.5,73.66,71.5,-0.015007572628390364,-0.015414258188824581,2021-05,0.047527997814804754
2021-05-11,74.07,10515090,73.62,74.145,72.6853,0.035364830863852115,0.024623046064462306,2021-05,0.047527997814804754
2021-05-10,74.8,6210497,74.34,75.72,74.26,0.009855542054812982,0.04033379694019468,2021-05,0.047527997814804754
2021-05-07,74.53,5677354,74.5,75.63,74.5,-0.0036096256684491346,0.019283369803063444,2021-05,0.047527997814804754
2021-05-06,74.01,7069184,74.0,74.19,73.305,-0.006977056218972155,0.0190004130524577,2021-05,0.047527997814804754
2021-05-05,73.78,7277565,75.76,75.9,73.395,-0.0031076881502499765,0.03131115459882583,2021-05,0.047527997814804754
2021-05-04,75.69,9178252,76.2,76.41,74.76,0.025887774464624425,0.021871202916160515,2021-05,0.047527997814804754
2021-05-03,76.7,6075961,77.83,77.99,76.52,0.013343902761263182,0.025401069518716568,2021-05,0.047527997814804754
2021-04-30,77.51,8024682,77.24,77.64,76.69,0.010560625814863167,0.03998389910103328,2021-04,-0.02244871629467177
2021-04-29,77.22,5558949,77.1,77.77,76.66,-0.003741452715778637,0.04337251722740154,2021-04,-0.02244871629467177
2021-04-28,77.09,5522214,77.25,77.45,76.63,-0.0016835016835016203,0.04486310653293568,2021-04,-0.02244871629467177
2021-04-27,77.28,5871937,77.93,78.15,77.08,0.0024646517057984596,0.02100673801030517,2021-04,-0.02244871629467177
2021-04-26,77.93,7425054,78.39,78.61,77.54,0.008410973084886253,0.01603650586701444,2021-04,-0.02244871629467177
2021-04-23,78.24,6035347,78.19,78.625,77.8262,0.003977928910560591,0.009418139594890906,2021-04,-0.02244871629467177
2021-04-22,78.32,8261666,78.2,79.3,78.02,0.0010224948875254825,0.01424501424501412,2021-04,-0.02244871629467177
2021-04-21,77.97,8565070,80.88,81.18,77.69,-0.0044688457609805,0.011415228953171486,2021-04,-0.02244871629467177
2021-04-20,80.53,7192059,79.66,80.96,79.63,0.03283314095164802,0.0420548654244306,2021-04,-0.02244871629467177
2021-04-19,79.79,7658207,81.0,81.37,79.62,-0.009189122066310618,0.023867573463364655,2021-04,-0.02244871629467177
2021-04-16,80.94,15124110,80.73,81.405,80.25,0.014412833688431936,0.0345092024539877,2021-04,-0.02244871629467177
2021-04-15,80.18,5012562,79.21,80.2654,79.02,-0.009389671361502261,0.023748723186925558,2021-04,-0.02244871629467177
2021-04-14,79.13,4478249,78.54,79.23,78.38,-0.013095535046146356,0.014877516993715423,2021-04,-0.02244871629467177
2021-04-13,79.04,6319042,77.28,79.2,77.25,-0.001137368886642065,-0.018502421457841756,2021-04,-0.02244871629467177
2021-04-12,77.64,6052897,77.78,78.29,77.21,-0.01771255060728749,-0.026945732547938417,2021-04,-0.02244871629467177
2021-04-09,77.94,4969701,77.9,78.18,77.62,0.003863987635239541,-0.03706449221645669,2021-04,-0.02244871629467177
2021-04-08,77.76,7454597,77.7,78.41,77.44,-0.002309468822170757,-0.030182090296832165,2021-04,-0.02244871629467177
2021-04-07,77.41,6761608,77.61,78.06,76.775,-0.004501028806584428,-0.021736383166940487,2021-04,-0.02244871629467177
2021-04-06,77.56,6570483,76.57,77.75,75.95,0.00193773414287568,-0.018724696356275383,2021-04,-0.02244871629467177
2021-04-05,76.78,7328654,76.54,77.485,76.54,-0.010056730273336756,-0.011076764554353469,2021-04,-0.02244871629467177
2021-04-01,75.77,6548916,75.5,76.38,75.38,-0.013154467309195117,-0.02784192968950472,2021-04,-0.02244871629467177
2021-03-31,75.61,9430478,74.54,75.945,74.43,-0.0021116536887949566,-0.02764917695473257,2021-03,0.003967729136357587
2021-03-30,74.22,5964628,74.11,74.56,73.74,-0.018383811665123706,-0.04120914610515436,2021-03,0.003967729136357587
2021-03-29,74.8,8644546,74.11,75.2,73.69,0.007814605227701499,-0.03558535327488399,2021-03,0.003967729136357587
2021-03-26,74.06,10105960,73.1,74.13,72.64,-0.00989304812834213,-0.035425892159416494,2021-03,0.003967729136357587
2021-03-25,73.45,6823717,73.11,73.73,72.47,-0.008236564947340042,-0.030618978487527926,2021-03,0.003967729136357587
2021-03-24,72.83,14537720,73.43,73.66,72.405,-0.008441116405718208,-0.0367676233302473,2021-03,0.003967729136357587
2021-03-23,74.02,10723750,71.58,74.29,71.57,0.01633942056844706,-0.00269469145782808,2021-03,0.003967729136357587
2021-03-22,71.69,10058050,70.76,72.4314,70.76,-0.0314779789246149,-0.041577540106951916,2021-03,0.003967729136357587
2021-03-19,70.84,22806730,71.18,72.63,70.06,-0.011856604826335548,-0.04347826086956519,2021-03,0.003967729136357587
2021-03-18,71.13,14198760,73.0,73.01,70.27,0.0040937323546017534,-0.03158611300204228,2021-03,0.003967729136357587
2021-03-17,72.96,10343260,75.0,75.19,72.81,0.025727541121889574,0.0017849787175614473,2021-03,0.003967729136357587
2021-03-16,75.38,6512659,75.17,76.34,75.13,0.03316885964912286,0.01837341259119163,2021-03,0.003967729136357587
2021-03-15,75.52,7129893,75.49,76.21,75.04,0.0018572565667285268,0.05342446645278276,2021-03,0.003967729136357587
2021-03-12,75.67,6113142,75.18,76.01,74.04,0.0019862288135594763,0.06818181818181812,2021-03,0.003967729136357587
2021-03-11,74.86,6602716,74.96,75.545,74.46,-0.010704374256640725,0.05243919583860546,2021-03,0.003967729136357587
2021-03-10,74.46,8247157,73.81,74.74,72.69,-0.005343307507347128,0.020559210526315708,2021-03,0.003967729136357587
2021-03-09,74.02,9363710,72.41,74.71,72.32,-0.005909213000268587,-0.018041920933934752,2021-03,0.003967729136357587
2021-03-08,70.86,12479370,71.0,72.44,70.55,-0.04269116455012156,-0.06170550847457623,2021-03,0.003967729136357587
2021-03-05,70.7,15509910,71.61,72.0,68.33,-0.002257973468811736,-0.0656799259944496,2021-03,0.003967729136357587
2021-03-04,71.29,11998690,72.29,73.06,70.49,0.008345120226308289,-0.04768901950307236,2021-03,0.003967729136357587
2021-03-03,72.52,11748900,75.78,75.93,72.09,0.017253471735166004,-0.02605425731936606,2021-03,0.003967729136357587
2021-03-02,75.54,8738510,76.63,76.85,75.45,0.04164368450082745,0.02053499054309671,2021-03,0.003967729136357587
2021-03-01,75.91,12272600,74.64,76.91,74.3679,0.004898067249139437,0.07126728760937051,2021-03,0.003967729136357587
2021-02-26,73.48,12583210,74.13,75.555,73.47,-0.03201159267553677,0.039321074964639324,2021-02,0.11186717474142621
2021-02-25,74.06,11747110,73.35,74.34,72.71,0.007893304300489845,0.03885537943610595,2021-02,0.11186717474142621
2021-02-24,73.76,12302200,74.83,74.91,73.33,-0.004050769646232744,0.01709873138444573,2021-02,0.11186717474142621
2021-02-23,74.71,12719010,75.0,75.0,73.31,0.012879609544468318,-0.010987556261583431,2021-02,0.11186717474142621
2021-02-22,75.1,13190290,77.8,77.94,74.55,0.00522018471422836,-0.010670530891845664,2021-02,0.11186717474142621
2021-02-19,78.1,9660915,80.44,80.58,77.95,0.03994673768308932,0.06287425149700576,2021-02,0.11186717474142621
2021-02-18,80.73,5379458,80.83,81.29,79.94,0.03367477592829715,0.09006211180124235,2021-02,0.11186717474142621
2021-02-17,80.68,8667217,80.83,81.03,79.62,-0.0006193484454353193,0.09381778741865521,2021-02,0.11186717474142621
2021-02-16,81.19,8312572,83.29,83.57,80.99,0.006321269211700509,0.08673537679025567,2021-02,0.11186717474142621
2021-02-12,83.13,5787194,84.03,84.17,82.62,0.023894568296588314,0.10692410119840212,2021-02,0.11186717474142621
2021-02-11,83.95,4417241,84.0,84.8,83.615,0.009864068326717268,0.07490396927016651,2021-02,0.11186717474142621
2021-02-10,83.91,6201136,84.95,84.99,83.45,-0.00047647409172135724,0.039390561129691415,2021-02,0.11186717474142621
2021-02-09,83.83,5008864,83.56,84.3698,83.0,-0.0009534024550112985,0.03904313336638565,2021-02,0.11186717474142621
2021-02-08,83.4,6792281,84.0,84.73,83.13,-0.005129428605511022,0.027220100997659813,2021-02,0.11186717474142621
2021-02-05,83.6,5745770,83.38,84.545,83.0,0.0023980815347719453,0.0056537952604354125,2021-02,0.11186717474142621
2021-02-04,83.0,6398350,83.02,83.55,82.57,-0.0071770334928229484,-0.011316259678380014,2021-02,0.11186717474142621
2021-02-03,83.05,5971186,83.45,83.88,82.905,0.00060240963855418,-0.010249076391371736,2021-02,0.11186717474142621
2021-02-02,82.93,6645364,82.11,84.47,82.05,-0.0014449127031906928,-0.01073601336037211,2021-02,0.11186717474142621
2021-02-01,81.7,5589545,82.27,83.14,80.85,-0.014831785843482548,-0.020383693045563533,2021-02,0.11186717474142621
2021-01-29,80.87,13189680,81.82,82.46,80.22,-0.01015911872705011,-0.03265550239234438,2021-01,-0.08223074069494257
2021-01-28,82.46,8541340,80.67,83.86,80.05,0.019661184617286942,-0.006506024096385565,2021-01,-0.08223074069494257
2021-01-27,80.19,16893290,84.6,84.8,79.615,-0.027528498666019807,-0.03443708609271523,2021-01,-0.08223074069494257
2021-01-26,85.23,12476870,86.65,87.26,84.75,0.06285072951739634,0.027734233691064647,2021-01,-0.08223074069494257
2021-01-25,86.87,13215630,84.12,87.69,84.1,0.019242050921037146,0.06328029375764999,2021-01,-0.08223074069494257
2021-01-22,84.21,6371755,83.95,84.546,83.55,-0.030620467365028325,0.041300853221219125,2021-01,-0.08223074069494257
2021-01-21,83.71,9270033,84.25,84.75,83.65,-0.005937537109606983,0.015158864904196045,2021-01,-0.08223074069494257
2021-01-20,84.05,8576777,82.65,85.03,82.415,0.004061641380958214,0.04813567776530747,2021-01,-0.08223074069494257
2021-01-19,82.81,8142683,82.5,83.2,81.76,-0.014753123140987423,-0.028393758066408537,2021-01,-0.08223074069494257
2021-01-15,82.04,10561590,82.44,83.26,81.95,-0.009298393913778513,-0.055600322320709106,2021-01,-0.08223074069494257
2021-01-14,82.53,8898982,81.96,82.74,81.15,0.005972696245733822,-0.01995012468827917,2021-01,-0.08223074069494257
2021-01-13,81.84,8542550,80.6,82.24,80.16,-0.008360596146855692,-0.02233902759526929,2021-01,-0.08223074069494257
2021-01-12,79.75,7669321,79.65,80.55,78.54,-0.02553763440860224,-0.05116002379535989,2021-01,-0.08223074069494257
2021-01-11,79.69,7065973,80.98,81.0,78.97,-0.0007523510971787495,-0.03767660910518056,2021-01,-0.08223074069494257
2021-01-08,81.13,8376215,79.83,81.21,79.44,0.01807002133266411,-0.011092150170648574,2021-01,-0.08223074069494257
2021-01-07,79.29,8816007,79.9,80.6615,78.89,-0.02267964994453331,-0.03925845147219187,2021-01,-0.08223074069494257
2021-01-06,78.43,12155710,76.65,79.3706,75.6,-0.01084626056249216,-0.04166666666666663,2021-01,-0.08223074069494257
2021-01-05,74.77,7339802,74.51,75.18,74.06,-0.04666581665179159,-0.06244514106583077,2021-01,-0.08223074069494257
2021-01-04,74.22,9388405,77.21,77.5,73.58,-0.0073558914002942455,-0.06864098381227257,2021-01,-0.08223074069494257
2020-12-31,77.15,4119379,75.9,77.19,75.66,0.039477229857181495,-0.049057068901762535,2020-12,-0.03888528839922229
2020-12-30,75.91,3805046,75.63,76.28,75.51,-0.016072585871678702,-0.0426283263967715,2020-12,-0.03888528839922229
2020-12-29,75.33,3775012,75.61,75.87,75.11,-0.007640627058358551,-0.03952569169960485,2020-12,-0.03888528839922229
2020-12-28,75.49,3753720,75.43,75.8768,75.04,0.002123987787070236,0.009629530560385069,2020-12,-0.03888528839922229
2020-12-24,74.98,1387544,74.45,75.16,74.16,-0.006755861703536814,0.010239827539746837,2020-12,-0.03888528839922229
2020-12-23,74.33,4626573,75.16,75.55,74.33,-0.008668978394238525,-0.03655217109526909,2020-12,-0.03888528839922229
2020-12-22,74.71,5335517,74.44,75.23,73.88,0.0051123368760930266,-0.01580819391384536,2020-12,-0.03888528839922229
2020-12-21,74.4,7251495,73.94,74.55,72.88,-0.00414937759336087,-0.012345679012345623,2020-12,-0.03888528839922229
2020-12-18,74.51,13298310,75.09,75.537,73.93,0.0014784946236559016,-0.012981851900913943,2020-12,-0.03888528839922229
2020-12-17,75.06,9384348,75.06,76.02,74.84,0.007381559522211756,0.0010669511869831894,2020-12,-0.03888528839922229
2020-12-16,74.44,7787687,75.18,75.75,74.2,-0.00826005861977086,0.0014798869904479872,2020-12,-0.03888528839922229
2020-12-15,74.91,6860174,73.66,75.3,73.285,0.0063138097796884285,0.0026770178021684465,2020-12,-0.03888528839922229
2020-12-14,73.55,5759933,74.4,75.22,73.5,-0.01815511947670534,-0.011424731182795855,2020-12,-0.03888528839922229
2020-12-11,73.8,6022483,73.14,73.89,73.01,0.003399048266485405,-0.009528922292309838,2020-12,-0.03888528839922229
2020-12-10,73.28,6204647,73.79,74.11,72.99,-0.007046070460704601,-0.023714361843858223,2020-12,-0.03888528839922229
2020-12-09,73.67,6683654,73.54,73.9,72.45,0.0053220524017467685,-0.010343901128425537,2020-12,-0.03888528839922229
2020-12-08,73.68,8255351,72.86,74.29,72.13,0.00013574046423237007,-0.016419703644373063,2020-12,-0.03888528839922229
2020-12-07,73.27,6752167,72.5,73.79,72.4,-0.005564603691639691,-0.0038069340584636624,2020-12,-0.03888528839922229
2020-12-04,72.52,7763769,73.12,73.55,71.94,-0.010236113006687586,-0.017344173441734445,2020-12,-0.03888528839922229
2020-12-03,73.35,7660479,74.04,74.5464,73.02,0.011445118587975811,0.0009552401746724115,2020-12,-0.03888528839922229
2020-12-02,74.31,5129023,74.14,74.36,72.913,0.013087934560327419,0.008687389710872795,2020-12,-0.03888528839922229
2020-12-01,74.15,8100241,74.12,75.57,73.95,-0.0021531422419592827,0.006378935939196584,2020-12,-0.03888528839922229
2020-11-30,73.59,13120300,75.3,75.4,73.25,-0.007552258934592104,0.004367408216186863,2020-11,0.02092675635276521
2020-11-27,75.13,3669268,76.05,76.13,74.7,0.020926756352765308,0.03599007170435731,2020-11,0.02092675635276521
2020-11-25,75.97,6443469,74.67,76.02,74.49,0.011180620258219198,0.03571915473755971,2020-11,0.02092675635276521
2020-11-24,74.98,6701691,75.47,75.66,74.51,-0.013031459786757904,0.009016283138204795,2020-11,0.02092675635276521
2020-11-23,74.57,7637177,76.0,76.02,74.13,-0.0054681248332890675,0.005664194200943884,2020-11,0.02092675635276521
2020-11-20,75.55,5891530,75.28,76.33,75.25,0.013142014214831743,0.026634053539883018,2020-11,0.02092675635276521
2020-11-19,75.13,7392277,75.94,76.015,74.805,-0.005559232296492467,0.0,2020-11,0.02092675635276521
2020-11-18,75.79,6502247,77.32,77.36,75.77,0.00878477306002945,-0.002369356324865013,2020-11,0.02092675635276521
2020-11-17,76.61,5866315,77.75,78.47,76.39,0.010819369309935212,0.021739130434782483,2020-11,0.02092675635276521
2020-11-16,77.75,7667558,78.2,78.28,76.32,0.014880563895052878,0.04264449510527024,2020-11,0.02092675635276521
2020-11-13,77.19,6235962,77.0,77.73,76.79,-0.007202572347266956,0.02170747849106558,2020-11,0.02092675635276521
2020-11-12,76.67,5902718,77.61,77.9,76.02,-0.006736623915014839,0.02049780380673516,2020-11,0.02092675635276521
2020-11-11,77.54,6903309,76.51,78.38,76.21,0.01134733272466426,0.023090117429739987,2020-11,0.02092675635276521
2020-11-10,75.99,8649193,77.39,77.53,75.31,-0.01998968274439017,-0.008092938258713045,2020-11,0.02092675635276521
2020-11-09,75.51,12864450,81.09,83.34,75.35,-0.006316620607974555,-0.02881028938906749,2020-11,0.02092675635276521
2020-11-06,75.72,6076444,75.0,76.06,74.12,0.002781088597536563,-0.019043917605907512,2020-11,0.02092675635276521
2020-11-05,74.75,8644098,75.3,76.25,74.49,-0.012810353935551966,-0.025042389461327752,2020-11,0.02092675635276521
2020-11-04,73.32,12128770,74.51,74.91,73.0,-0.019130434782608785,-0.05442352334279099,2020-11,0.02092675635276521
2020-11-03,76.02,6887858,76.05,76.93,75.3862,0.03682487725040917,0.00039478878799847905,2020-11,0.02092675635276521
2020-11-02,75.13,9233583,74.1,75.446,73.72,-0.011707445409102846,-0.0050324460336380605,2020-11,0.02092675635276521
2020-10-30,73.21,8791013,73.73,74.35,72.5,-0.025555703447357914,-0.03314844162704711,2020-10,-0.03442152711378222
2020-10-29,74.01,7753112,74.38,75.03,72.9436,0.010927468925010508,-0.00989966555183941,2020-10,-0.03442152711378222
2020-10-28,74.46,7508864,74.74,76.05,74.29,0.006080259424402046,0.0155482815057284,2020-10,-0.03442152711378222
2020-10-27,75.78,4834201,76.14,76.43,75.02,0.017727639000805873,-0.0031570639305444903,2020-10,-0.03442152711378222
2020-10-26,75.6625,5708924,75.32,75.7375,74.395,-0.0015505410398523045,0.007087714627978192,2020-10,-0.03442152711378222
2020-10-23,75.7675,5617628,75.775,76.3875,75.41,0.0013877416157277445,0.03493375221964223,2020-10,-0.03442152711378222
2020-10-22,75.5675,8463980,74.905,76.0775,74.805,-0.0026396542052991023,0.021044453452236045,2020-10,-0.03442152711378222
2020-10-21,74.42,7796076,74.725,75.62,73.8575,-0.015185099414430692,-0.0005372011818425282,2020-10,-0.03442152711378222
2020-10-20,75.2475,6005188,75.305,76.025,74.855,0.011119322762698225,-0.007026920031670603,2020-10,-0.03442152711378222
2020-10-19,74.8875,7711220,76.2825,76.9075,74.535,-0.00478421210006974,-0.01024285478275222,2020-10,-0.03442152711378222
2020-10-16,76.4,7450228,74.89,76.55,74.68,0.020196962109831462,0.008347906424258422,2020-10,-0.03442152711378222
2020-10-15,74.615,5739420,74.495,74.9725,73.915,-0.023363874345549873,-0.012604625004135395,2020-10,-0.03442152711378222
2020-10-14,75.16,5503208,75.5,75.82,74.6725,0.007304161361656458,0.009943563558183266,2020-10,-0.03442152711378222
2020-10-13,75.3675,8597788,75.75,76.08,74.75,0.0027607770090474215,0.0015947373666900244,2020-10,-0.03442152711378222
2020-10-12,76.4175,5816732,75.75,77.015,75.5,0.013931734500945314,0.020430645968953387,2020-10,-0.03442152711378222
2020-10-09,75.7275,6473504,75.93,75.93,75.0738,-0.009029345372460473,-0.00880235602094237,2020-10,-0.03442152711378222
2020-10-08,75.26,5694224,74.6675,75.495,74.2325,-0.006173450859991436,0.008644374455538673,2020-10,-0.03442152711378222
2020-10-07,74.28,10131804,73.2375,74.4425,72.375,-0.013021525378687282,-0.011708355508249002,2020-10,-0.03442152711378222
2020-10-06,72.57,7288464,72.16,73.125,71.315,-0.023021001615509018,-0.03711812120609037,2020-10,-0.03442152711378222
2020-10-05,71.9775,6599620,70.96,72.245,70.7325,-0.008164530797850178,-0.05810187457061533,2020-10,-0.03442152711378222
2020-10-02,70.2925,8306860,69.6925,71.7875,69.625,-0.02341009343197531,-0.07177049288567561,2020-10,-0.03442152711378222
2020-10-01,70.69,10018944,69.77,71.01,69.66,0.005654941850126161,-0.060722827531225154,2020-10,-0.03442152711378222
2020-09-30,69.39,23239708,70.1963,70.7825,66.785,-0.018390154194369734,-0.06583198707592897,2020-09,-0.001549214584234064
2020-09-29,70.78,7101512,71.025,71.4825,70.55,0.020031704856607657,-0.024665839878737716,2020-09,-0.001549214584234064
2020-09-28,71.035,6918668,70.865,71.5075,70.66,0.0036027126306865664,-0.01309436976833056,2020-09,-0.001549214584234064
2020-09-25,70.455,5456916,68.85,70.5325,68.5825,-0.008164989089885277,0.0023117686808691307,2020-09,-0.001549214584234064
2020-09-24,69.385,7478556,68.1775,69.94,68.14,-0.015186998793556117,-0.018460885556655704,2020-09,-0.001549214584234064
2020-09-23,68.3275,5855096,69.665,69.665,68.28,-0.015241046335663366,-0.015312004611615526,2020-09,-0.001549214584234064
2020-09-22,69.515,7192788,69.365,69.9875,68.7425,0.017379532399107278,-0.017872280305170962,2020-09,-0.001549214584234064
2020-09-21,69.05,7559692,68.75,69.1725,67.8912,-0.006689203768970753,-0.027943971281762514,2020-09,-0.001549214584234064
2020-09-18,69.23,14386372,69.7425,70.4975,68.96,0.0026068066618394337,-0.017386984600099242,2020-09,-0.001549214584234064
2020-09-17,69.88,9385624,69.5,70.0675,68.9525,0.00938899321103559,0.007134106795416706,2020-09,-0.001549214584234064
2020-09-16,70.0875,19506696,71.1925,71.7375,69.7825,0.002969376073268526,0.025758296439940098,2020-09,-0.001549214584234064
2020-09-15,73.925,10827732,73.9125,74.825,72.7875,0.054752987337256975,0.06343954542185126,2020-09,-0.001549214584234064
2020-09-14,70.48,3916248,69.8875,70.9975,69.6081,-0.046601285086235955,0.020709630702389736,2020-09,-0.001549214584234064
2020-09-11,69.5375,3932812,69.5425,69.7975,68.8625,-0.013372587968218053,0.004441716019066844,2020-09,-0.001549214584234064
2020-09-10,69.2275,4362992,70.265,70.4975,69.1084,-0.004458026244831714,-0.009337435603892219,2020-09,-0.001549214584234064
2020-09-09,70.5925,4781788,70.0,71.705,69.96,0.019717597775450457,0.007205279115391372,2020-09,-0.001549214584234064
2020-09-08,69.4775,7158300,69.435,70.2075,68.825,-0.015794879059390143,-0.06016232668244825,2020-09,-0.001549214584234064
2020-09-04,69.33,7247412,70.795,71.5,68.1975,-0.002122989457018609,-0.016316685584563118,2020-09,-0.001549214584234064
2020-09-03,70.1475,7856908,72.1375,72.7725,69.4875,0.011791432280398029,0.008772245191443373,2020-09,-0.001549214584234064
2020-09-02,72.065,9754220,69.365,72.425,68.9175,0.02733525784953139,0.04098804665775879,2020-09,-0.001549214584234064
2020-09-01,69.2825,5730836,69.755,69.8787,68.5125,-0.03861097620203979,-0.018557212168431536,2020-09,-0.001549214584234064
2020-08-31,69.7925,6013632,69.84,70.9125,69.67,0.007361166239671091,0.004533841891259716,2020-08,-0.005659633914819074
2020-08-28,69.8875,4618528,69.895,69.9925,69.31,0.001361177776981748,0.008041251983268438,2020-08,-0.005659633914819074
2020-08-27,69.72,4555868,69.5,70.12,69.15,-0.002396708996601715,-0.006094301293702475,2020-08,-0.005659633914819074
2020-08-26,69.75,5239988,70.0325,70.3525,69.54,0.00043029259896720795,-0.032123777145632415,2020-08,-0.005659633914819074
2020-08-25,70.3275,4052220,70.9,70.9112,69.785,0.008279569892473138,0.015083173961678575,2020-08,-0.005659633914819074
2020-08-24,70.6575,3549744,70.75,70.78,70.065,0.004692332302442148,0.012393881864097178,2020-08,-0.005659633914819074
2020-08-21,70.6025,5686356,70.665,70.76,70.1125,-0.0007784028588613268,0.01023072795564306,2020-08,-0.005659633914819074
2020-08-20,70.5275,3631048,70.195,70.9404,70.14,-0.0010622853298396517,0.011582042455536401,2020-08,-0.005659633914819074
2020-08-19,70.585,5481728,71.0575,71.0637,70.455,0.0008152848179787675,0.011971326164874396,2020-08,-0.005659633914819074
2020-08-18,70.7625,4764720,70.68,71.2925,70.55,0.002514698590352138,0.006185347125946539,2020-08,-0.005659633914819074
2020-08-17,70.7475,4801520,70.515,71.2675,70.0825,-0.0002119766825648961,0.001273750132682272,2020-08,-0.005659633914819074
2020-08-14,70.125,4912984,71.0025,71.035,70.005,-0.00879889748754381,-0.006763216599978805,2020-08,-0.005659633914819074
2020-08-13,71.1,3680032,70.7575,71.365,70.6575,0.013903743315508033,0.008117401013788772,2020-08,-0.005659633914819074
2020-08-12,71.1475,6124292,69.815,71.4925,69.675,0.0006680731364274717,0.007969115251115655,2020-08,-0.005659633914819074
2020-08-11,69.4475,6826552,70.995,71.145,69.11,-0.023894022980427865,-0.01858328917152441,2020-08,-0.005659633914819074
2020-08-10,70.91,7240040,72.0725,72.2788,70.7325,0.02105907340077029,0.002296900950563563,2020-08,-0.005659633914819074
2020-08-07,71.945,4369004,70.71,72.3525,70.6238,0.014595966718375264,0.02595365418894824,2020-08,-0.005659633914819074
2020-08-06,70.7025,4587952,70.7575,71.1925,70.2775,-0.017270136910139566,-0.005590717299577941,2020-08,-0.005659633914819074
2020-08-05,70.945,6670980,71.305,71.5,70.49,0.0034298645733883415,-0.0028461997961980456,2020-08,-0.005659633914819074
2020-08-04,71.2625,9142624,69.6775,71.3075,69.35,0.004475297765875075,0.026134850066596993,2020-08,-0.005659633914819074
2020-08-03,69.3975,8624864,70.285,70.465,69.1075,-0.02617084721978613,-0.021329854745452015,2020-08,-0.005659633914819074
2020-07-31,70.175,8030404,70.23,70.705,68.9725,0.011203573615764295,-0.024602126624504783,2020-07,-0.1226932668329177
2020-07-30,70.585,4235424,70.035,70.61,69.785,0.005842536515853203,-0.0016618931438069362,2020-07,-0.1226932668329177
2020-07-29,70.36,5381712,70.06,71.215,69.96,-0.0031876461004461953,-0.00824582423003728,2020-07,-0.1226932668329177
2020-07-28,70.01,6547616,69.3,70.8213,69.1575,-0.0049744172825467725,-0.017575863883529164,2020-07,-0.1226932668329177
2020-07-27,69.4075,8909828,70.25,70.4024,69.025,-0.008605913440937085,0.00014409740984921982,2020-07,-0.1226932668329177
2020-07-24,70.0625,7716268,70.72,71.4075,69.5035,0.009437020494903248,-0.0016031350195938598,2020-07,-0.1226932668329177
2020-07-23,70.2425,8150880,70.0,71.0825,69.7775,0.0025691347011598253,-0.004852305730679185,2020-07,-0.1226932668329177
2020-07-22,70.105,6369500,69.1175,70.6,68.6284,-0.0019575043598961672,-0.0036242183058555755,2020-07,-0.1226932668329177
2020-07-21,69.0825,5958396,68.48,69.8925,68.44,-0.01458526495970347,-0.013248107413226795,2020-07,-0.1226932668329177
2020-07-20,68.5825,6368800,68.875,69.47,68.3132,-0.007237723012340269,-0.011886323524114895,2020-07,-0.1226932668329177
2020-07-17,68.845,12462528,67.515,69.3637,67.2325,0.003827507017096332,-0.01737734165923288,2020-07,-0.1226932668329177
2020-07-16,67.095,10142192,64.9625,67.45,64.6875,-0.025419420437214013,-0.044809054347439314,2020-07,-0.1226932668329177
2020-07-15,64.75,8444728,66.145,66.605,64.7025,-0.03495044340114761,-0.07638542186719921,2020-07,-0.1226932668329177
2020-07-14,65.6375,12154340,64.06,66.1713,63.965,0.013706563706563646,-0.04986791155502468,2020-07,-0.1226932668329177
2020-07-13,64.06,9600600,64.7475,65.6025,63.8475,-0.024033517425252393,-0.06594247803740017,2020-07,-0.1226932668329177
2020-07-10,64.9,10079088,63.045,65.3225,62.9431,0.013112706837340005,-0.05730263635703381,2020-07,-0.1226932668329177
2020-07-09,62.9975,6818800,62.8075,63.3425,62.14,-0.029314329738058587,-0.06107012445040605,2020-07,-0.1226932668329177
2020-07-08,63.3175,9634960,61.7075,63.535,61.53,0.005079566649470291,-0.022123552123552104,2020-07,-0.1226932668329177
2020-07-07,61.68,6017324,61.1125,62.085,60.91,-0.02586172859004232,-0.06029327747095792,2020-07,-0.1226932668329177
2020-07-06,61.74,6257252,62.0475,62.2875,61.145,0.0009727626459143934,-0.036216047455510436,2020-07,-0.1226932668329177
2020-07-02,61.6,5981432,62.04,62.43,61.4375,-0.0022675736961451642,-0.05084745762711873,2020-07,-0.1226932668329177
2020-07-01,61.565,6024588,59.9175,61.875,59.5775,-0.0005681818181818565,-0.022738997579269116,2020-07,-0.1226932668329177
2020-06-30,60.0425,9532448,59.7275,60.4525,59.375,-0.024729960204661783,-0.05172345718008453,2020-06,0.0644543448390724
2020-06-29,59.56,5793208,59.3775,59.6225,58.44,-0.008035974518049604,-0.03437094682230868,2020-06,0.0644543448390724
2020-06-26,59.055,10107056,59.625,60.515,58.7025,-0.008478844862323753,-0.043488824101069024,2020-06,0.0644543448390724
2020-06-25,59.79,7825092,60.33,60.33,58.8925,0.012446024892049712,-0.0293831168831169,2020-06,0.0644543448390724
2020-06-24,60.4175,6901228,60.335,61.12,59.63,0.0104950660645593,-0.018638837001543118,2020-06,0.0644543448390724
2020-06-23,60.8025,9306140,62.2925,62.5629,60.5782,0.006372325898953202,0.012657700795270177,2020-06,0.0644543448390724
2020-06-22,61.76,7191032,60.8,62.05,60.1375,0.015747707742280292,0.036937541974479515,2020-06,0.0644543448390724
2020-06-19,60.5525,14437900,62.875,62.91,60.5525,-0.019551489637305686,0.025357717382101574,2020-06,0.0644543448390724
2020-06-18,62.2325,6386752,62.05,62.48,61.5875,0.027744519218859676,0.04085131292858346,2020-06,0.0644543448390724
2020-06-17,62.25,6768688,62.4975,62.75,61.4275,0.00028120355119920504,0.030330616129432775,2020-06,0.0644543448390724
2020-06-16,62.0425,8057180,63.38,63.42,61.6675,-0.0033333333333334103,0.020393898277208944,2020-06,0.0644543448390724
2020-06-15,62.1425,8405032,61.18,62.7325,60.3325,0.001611798364024697,0.006193329015544036,2020-06,0.0644543448390724
2020-06-12,61.7275,8356660,62.9425,63.03,61.06,-0.006678199299995913,0.01940464885842852,2020-06,0.0644543448390724
2020-06-11,62.0825,9719352,63.715,63.74,61.4675,0.005751083390709288,-0.002410316153135361,2020-06,0.0644543448390724
2020-06-10,64.1975,6674556,64.7025,65.225,63.8925,0.03406757137679706,0.03128514056224918,2020-06,0.0644543448390724
2020-06-09,64.6675,7990400,64.7775,64.7875,63.515,0.007321157365941078,0.042309707055647516,2020-06,0.0644543448390724
2020-06-08,65.12,8149344,63.265,65.185,62.6425,0.0069973325086016835,0.04791406847165791,2020-06,0.0644543448390724
2020-06-05,63.595,12370852,63.045,64.64,62.5025,-0.023418304668304746,0.030253938682110793,2020-06,0.0644543448390724
2020-06-04,62.9725,12012488,64.415,65.1375,62.02,-0.009788505385643576,0.014335762896146242,2020-06,0.0644543448390724
2020-06-03,64.895,7303340,64.5475,65.565,64.175,0.030529199253642503,0.01086490906966775,2020-06,0.0644543448390724
2020-06-02,64.15,10640596,63.8925,65.0825,63.4325,-0.011480083211341197,-0.008002474194920173,2020-06,0.0644543448390724
2020-06-01,63.9125,6657248,63.5225,64.5837,62.8125,-0.003702260327357876,-0.01854269041769041,2020-06,0.0644543448390724
2020-05-29,63.89,15309664,62.5275,64.1262,62.375,-0.0003520438098963963,0.004638729459863322,2020-05,-0.11155892940992326
2020-05-28,62.84,12416348,61.1,63.015,60.91,-0.01643449679136011,-0.0021040930564928395,2020-05,-0.11155892940992326
2020-05-27,60.2825,12343488,59.4375,60.31,58.735,-0.04069859961807776,-0.07107635411048618,2020-05,-0.11155892940992326
2020-05-26,58.5775,7659548,59.085,59.6,58.45,-0.028283498527765127,-0.08686671862821516,2020-05,-0.11155892940992326
2020-05-22,58.4625,5990352,57.2075,58.5025,56.7882,-0.0019632111305535327,-0.08527283395266971,2020-05,-0.11155892940992326
2020-05-21,57.225,8308472,58.175,58.37,57.0162,-0.021167415009621493,-0.10431992487087183,2020-05,-0.11155892940992326
2020-05-20,58.1975,5847716,58.075,59.0566,57.7,0.01699432066404527,-0.07387810311903253,2020-05,-0.11155892940992326
2020-05-19,57.625,6532932,58.48,58.6812,57.615,-0.009837192319257615,-0.04408410401028484,2020-05,-0.11155892940992326
2020-05-18,58.8625,9123776,58.485,59.225,58.1225,0.021475054229934898,0.0048653493235457645,2020-05,-0.11155892940992326
2020-05-15,56.9625,20232904,57.5075,57.7188,55.805,-0.03227861541728605,-0.02565747273893526,2020-05,-0.11155892940992326
2020-05-14,58.0575,11596060,56.9425,58.3312,56.8225,0.019223173140223704,0.01454783748361721,2020-05,-0.11155892940992326
2020-05-13,57.53,14076960,56.71,57.6325,56.5,-0.009085820092149977,-0.011469564843850644,2020-05,-0.11155892940992326
2020-05-12,56.9825,9565308,57.05,57.3575,56.3175,-0.009516773857118022,-0.011149674620390404,2020-05,-0.11155892940992326
2020-05-11,56.845,7854612,56.6975,57.07,56.0275,-0.002413021541701421,-0.03427479294967084,2020-05,-0.11155892940992326
2020-05-08,57.4325,11310372,56.8475,57.6575,56.435,0.010335121822499849,0.008251042352424909,2020-05,-0.11155892940992326
2020-05-07,56.12,8692248,56.3,57.1475,55.695,-0.02285291429068903,-0.03337208801619085,2020-05,-0.11155892940992326
2020-05-06,55.665,7378876,57.73,57.79,55.655,-0.008107626514611499,-0.032417868937945404,2020-05,-0.11155892940992326
2020-05-05,57.525,8041996,57.84,58.6362,57.3475,0.03341417407706815,0.009520466809985528,2020-05,-0.11155892940992326
2020-05-04,57.5225,9077132,56.75,57.7925,56.235,-4.345936549321472e-05,0.011918374527223108,2020-05,-0.11155892940992326
2020-05-01,56.7625,9168400,57.4775,57.505,56.25,-0.013212221304706784,-0.011665868628389808,2020-05,-0.11155892940992326
2020-04-30,57.78,17935888,58.465,58.475,57.225,0.017925567055714575,0.029579472558802555,2020-04,-0.05577189338871588
2020-04-29,58.7825,9901856,60.4975,60.585,58.3225,0.017350294219453,0.05600467079852689,2020-04,-0.05577189338871588
2020-04-28,59.825,8465072,61.565,61.725,59.525,0.01773487007187513,0.03998261625380284,2020-04,-0.05577189338871588
2020-04-27,60.9,8458012,60.5275,61.5792,60.3575,0.01796907647304624,0.05871615454822021,2020-04,-0.05577189338871588
2020-04-24,59.925,8029576,60.4325,60.4875,58.9875,-0.016009852216748777,0.055714600308302,2020-04,-0.05577189338871588
2020-04-23,60.285,9360620,61.5975,61.9375,60.0325,0.006007509386733334,0.04335410176531673,2020-04,-0.05577189338871588
2020-04-22,61.7925,11760200,59.4825,62.175,59.4825,0.02500622045284895,0.051205715986900824,2020-04,-0.05577189338871588
2020-04-21,58.855,10622464,58.7675,59.5425,57.765,-0.0475381316502812,-0.01621395737567921,2020-04,-0.05577189338871588
2020-04-20,59.4025,8714536,61.3625,61.825,59.2775,0.009302523150114705,-0.024589490968801253,2020-04,-0.05577189338871588
2020-04-17,61.565,10953432,60.6275,61.7825,59.6925,0.03640419174277176,0.027367542761785657,2020-04,-0.05577189338871588
2020-04-16,59.37,10331208,59.995,60.1975,58.9203,-0.035653374482254585,-0.015177904951480414,2020-04,-0.05577189338871588
2020-04-15,59.305,9990652,60.01,60.3475,58.8825,-0.001094829038234768,-0.04025569446130184,2020-04,-0.05577189338871588
2020-04-14,60.595,11673780,60.4625,61.245,59.5925,0.021751960205716125,0.029564183162008373,2020-04,-0.05577189338871588
2020-04-13,59.0525,10757888,60.64,60.9663,58.595,-0.025455895700965403,-0.0058920079121249636,2020-04,-0.05577189338871588
2020-04-09,61.32,19587652,58.96,62.7175,58.845,0.038398035646247,-0.00397953382603744,2020-04,-0.05577189338871588
2020-04-08,58.375,18290716,57.4075,59.0475,56.01,-0.04802674494455317,-0.016759306046824962,2020-04,-0.05577189338871588
2020-04-07,57.1225,10507776,60.0875,60.2475,57.04,-0.021456102783725894,-0.03680128151083373,2020-04,-0.05577189338871588
2020-04-06,58.6275,13267648,57.6975,59.26,57.005,0.026346886078165266,-0.03246967571581816,2020-04,-0.05577189338871588
2020-04-03,55.41,8756752,55.99,57.1412,54.385,-0.05488038889599589,-0.0616824012531223,2020-04,-0.05577189338871588
2020-04-02,56.6125,9234484,53.75,57.385,53.535,0.02170185887024001,-0.07676940639269414,2020-04,-0.05577189338871588
2020-04-01,54.5575,13692428,57.74,57.9975,53.26,-0.03629940384190766,-0.0653961456102784,2020-04,-0.05577189338871588
2020-03-31,60.155,18907616,60.5275,61.975,59.79,0.10259817623608125,0.05308766247975849,2020-03,0.11524395312110389
2020-03-30,61.5025,16375208,59.3275,62.0575,58.59,0.022400465464217367,0.04903842053643759,2020-03,0.11524395312110389
2020-03-27,57.9875,16184520,56.37,60.08,55.8475,-0.05715214828665505,0.04651687421043138,2020-03,0.11524395312110389
2020-03-26,57.775,14655684,52.725,58.5425,52.65,-0.003664582884242318,0.020534334290130296,2020-03,0.11524395312110389
2020-03-25,52.5675,17794784,51.42,55.0625,48.7675,-0.09013414106447415,-0.036475278376025155,2020-03,0.11524395312110389
2020-03-24,51.6325,17900644,46.9625,52.12,46.6225,-0.017786655252770345,-0.1416756711827778,2020-03,0.11524395312110389
2020-03-23,45.415,23661572,46.6675,47.1425,43.7,-0.1204183411610904,-0.26157473273444165,2020-03,0.11524395312110389
2020-03-20,47.9375,22482388,51.4375,52.475,46.7154,0.055543322690740915,-0.17331321405475308,2020-03,0.11524395312110389
2020-03-19,51.775,17442404,52.5025,55.4063,50.135,0.08005215123859188,-0.10385114668974471,2020-03,0.11524395312110389
2020-03-18,52.66,22197816,52.265,56.9975,49.94,0.017093191694833365,0.0017596423645787063,2020-03,0.11524395312110389
2020-03-17,55.44,21538120,51.365,56.8675,51.0,0.05279149259399918,0.07374231346535609,2020-03,0.11524395312110389
2020-03-16,50.3425,20240468,49.5,55.165,49.185,-0.09194624819624819,0.10849939447319179,2020-03,0.11524395312110389
2020-03-13,55.39,31586708,55.0125,55.4975,49.0897,0.10026319709986597,0.15546284224250329,2020-03,0.11524395312110389
2020-03-12,52.2225,31668272,54.0325,57.915,51.5125,-0.05718541252933751,0.008643167551907194,2020-03,0.11524395312110389
2020-03-11,60.315,19631744,62.3,62.305,59.64,0.15496194169179955,0.14536650208887214,2020-03,0.11524395312110389
2020-03-10,63.9325,23744404,66.4075,66.83,60.5775,0.05997678852690047,0.153183621933622,2020-03,0.11524395312110389
2020-03-09,65.32,15565080,63.615,66.58,63.615,0.021702576936612816,0.29751204250881447,2020-03,0.11524395312110389
2020-03-06,67.955,14556776,67.14,68.2275,65.4237,0.04033986527862843,0.22684600108322805,2020-03,0.11524395312110389
2020-03-05,69.04,12412628,69.2625,69.965,68.11,0.015966448384960863,0.322035521087654,2020-03,0.11524395312110389
2020-03-04,70.555,14713152,67.3,70.6425,67.3,0.02194380069524904,0.16977534609964362,2020-03,0.11524395312110389
2020-03-03,66.2875,15636992,67.2725,68.575,65.7212,-0.06048472822620665,0.03683572517889955,2020-03,0.11524395312110389
2020-03-02,67.0875,19306940,63.4125,67.225,63.0825,0.01206864039223099,0.02705909369259052,2020-03,0.11524395312110389
2020-02-28,63.19,27474784,62.0375,63.4775,60.77,-0.058095770449040574,-0.07011993230814506,2020-02,0.05558632695046689
2020-02-27,63.9625,14604044,67.01,67.7325,63.9025,0.012225035606899803,-0.07354432213209738,2020-02,0.05558632695046689
2020-02-26,67.3675,9552512,67.2325,68.325,67.0,0.053234316982607055,-0.04517752108284312,2020-02,0.05558632695046689
2020-02-25,67.5825,10285576,68.485,68.975,67.45,0.003191449883103603,0.019536111634923747,2020-02,0.05558632695046689
2020-02-24,68.485,9093044,68.7,69.6525,68.4825,0.013354048755225056,0.02083100428544804,2020-02,0.05558632695046689
2020-02-21,69.3975,11030736,69.3825,69.69,69.0175,0.013324085566182253,0.09823548029751539,2020-02,0.05558632695046689
2020-02-20,69.2575,10731452,68.985,69.285,68.3275,-0.002017363737886857,0.082782880594098,2020-02,0.05558632695046689
2020-02-19,68.6675,21135372,68.755,69.28,68.6375,-0.008518932967548465,0.019297138828069826,2020-02,0.05558632695046689
2020-02-18,70.51,9809232,70.0,70.8363,69.5925,0.026832198638365945,0.043317426848666685,2020-02,0.05558632695046689
2020-02-14,69.63,7354956,68.9225,69.77,68.885,-0.012480499219968966,0.01671898955975748,2020-02,0.05558632695046689
2020-02-13,68.8675,7500848,67.565,68.9675,67.565,-0.01095073962372528,-0.0076371627219998794,2020-02,0.05558632695046689
2020-02-12,67.565,5836544,67.8575,68.0687,67.53,-0.01891313028641972,-0.02443778652131534,2020-02,0.05558632695046689
2020-02-11,68.0375,7850920,68.19,68.4975,67.9875,0.006993265744098309,-0.009174645938763049,2020-02,0.05558632695046689
2020-02-10,67.935,7667060,67.5775,67.9525,67.3325,-0.0015065221385264227,-0.03651964260388596,2020-02,0.05558632695046689
2020-02-07,67.385,6410064,67.3775,67.9125,67.2975,-0.008095974092882874,-0.03224184977739464,2020-02,0.05558632695046689
2020-02-06,67.0825,7874456,66.6875,67.5825,66.59,-0.00448912962825565,-0.02591933785893219,2020-02,0.05558632695046689
2020-02-05,66.6775,8666788,66.0725,66.915,65.5525,-0.006037342078783592,-0.013135499148967722,2020-02,0.05558632695046689
2020-02-04,66.135,10482852,66.5675,66.8275,65.98,-0.008136177871095773,-0.027962520668748714,2020-02,0.05558632695046689
2020-02-03,66.7025,11041464,67.1725,67.37,66.5525,0.008580932940198016,-0.018142341944505813,2020-02,0.05558632695046689
2020-01-31,67.05,7537132,67.365,67.665,66.6825,0.005209699786364874,-0.004971432811456622,2020-01,-0.11029082774049212
2020-01-30,67.4825,6329752,66.4675,67.5625,66.255,0.006450410141685348,0.0059628069913912896,2020-01,-0.11029082774049212
2020-01-29,66.44,6008696,66.6875,66.7025,66.03,-0.015448449598044034,-0.00356192118780696,2020-01,-0.11029082774049212
2020-01-28,66.4525,8262972,66.685,67.25,65.9275,0.00018813967489461625,0.004800786270507285,2020-01,-0.11029082774049212
2020-01-27,66.685,8678916,65.655,66.9387,65.5725,0.003498739701290443,-0.00026235898204707286,2020-01,-0.11029082774049212
2020-01-24,65.93,10310856,64.2575,66.02,64.0425,-0.011321886481217569,-0.016703952274421896,2020-01,-0.11029082774049212
2020-01-23,65.02,10213960,64.84,65.6875,64.84,-0.013802517821932536,-0.036490942096099044,2020-01,-0.11029082774049212
2020-01-22,64.975,7066372,64.7375,65.195,64.415,-0.0006920947400800292,-0.022049969897652066,2020-01,-0.11029082774049212
2020-01-21,64.2225,11486412,63.5075,64.325,63.2025,-0.01158137745286647,-0.033557804446785355,2020-01,-0.11029082774049212
2020-01-17,63.35,9354120,63.0925,63.4375,62.8525,-0.013585581377243083,-0.05001124690710057,2020-01,-0.11029082774049212
2020-01-16,63.0675,7914316,62.72,63.0775,62.585,-0.004459352801894245,-0.04341726073107843,2020-01,-0.11029082774049212
2020-01-15,62.895,6397296,62.145,63.0485,62.1362,-0.002735164704483317,-0.03268225161488758,2020-01,-0.11029082774049212
2020-01-14,61.9325,8252852,61.5575,61.95,61.45,-0.015303283249860966,-0.046825702193151186,2020-01,-0.11029082774049212
2020-01-13,61.6,5879784,60.7625,61.7062,60.7625,-0.005368748233964382,-0.04083459846626958,2020-01,-0.11029082774049212
2020-01-10,60.8875,5125500,60.955,61.175,60.7975,-0.011566558441558406,-0.0388713496448303,2020-01,-0.11029082774049212
2020-01-09,60.7725,6958988,60.1625,60.955,60.1325,-0.0018887292137138578,-0.03638958259008207,2020-01,-0.11029082774049212
2020-01-08,60.3,5936160,60.4175,60.7375,60.25,-0.007774898185857193,-0.041259241593131546,2020-01,-0.11029082774049212
2020-01-07,60.3275,6737932,60.1725,60.5525,60.0425,0.000456053067993345,-0.02591531102409872,2020-01,-0.11029082774049212
2020-01-06,60.38,5518992,60.175,60.65,60.1037,0.0008702498860386765,-0.019805194805194826,2020-01,-0.11029082774049212
2020-01-03,60.08,7097176,59.6575,60.3407,59.535,-0.004968532626697608,-0.013262163826729734,2020-01,-0.11029082774049212
2020-01-02,59.655,7272424,60.4925,60.92,59.4875,-0.00707390146471365,-0.018388251264963573,2020-01,-0.11029082774049212
2019-12-31,60.54,6909972,60.3925,60.6475,59.98,0.014835302992205257,0.003980099502487677,2019-12,-0.045052857614800115
2019-12-30,60.3225,4450200,60.4225,60.555,60.0725,-0.003592666005946543,-8.288094152753e-05,2019-12,-0.045052857614800115
2019-12-27,60.6275,4319460,60.57,60.6925,60.3825,0.005056156492187824,0.004099039417025496,2019-12,-0.045052857614800115
2019-12-26,60.49,5813252,60.0625,60.49,60.02,-0.0022679477134962545,0.006824234354194436,2019-12,-0.045052857614800115
2019-12-24,60.1275,2739516,59.7275,60.1275,59.46,-0.005992726070424892,0.00792054312295698,2019-12,-0.045052857614800115
2019-12-23,59.695,9487848,60.695,60.74,59.585,-0.007193048106107769,-0.013957713908159919,2019-12,-0.045052857614800115
2019-12-20,60.6775,16197852,61.02,61.2525,60.0525,0.01645866487980574,0.005885034605661366,2019-12,-0.045052857614800115
2019-12-19,60.1625,6882884,60.0375,60.255,59.8575,-0.008487495364838726,-0.007669786812914858,2019-12,-0.045052857614800115
2019-12-18,60.0725,8585444,60.1825,60.25,59.685,-0.0014959484728860328,-0.006901967267316955,2019-12,-0.045052857614800115
2019-12-17,59.955,10374164,59.865,60.225,59.705,-0.0019559698697406702,-0.0028689035798926676,2019-12,-0.045052857614800115
2019-12-16,59.8675,14284932,59.31,59.875,59.1,-0.0014594279042614566,0.0028896892537062513,2019-12,-0.045052857614800115
2019-12-13,59.2375,8345068,58.27,59.345,58.1932,-0.010523238819058811,-0.023732025874500517,2019-12,-0.045052857614800115
2019-12-12,58.475,6970264,58.88,59.0475,58.1925,-0.012871913905887267,-0.028049033866611284,2019-12,-0.045052857614800115
2019-12-11,58.945,6212832,58.75,58.965,58.485,0.008037622915775922,-0.018768987473469556,2019-12,-0.045052857614800115
2019-12-10,58.6125,4345640,58.59,58.7375,58.4525,-0.0056408516413606336,-0.022391793845384034,2019-12,-0.045052857614800115
2019-12-09,58.5675,4618392,58.735,58.7425,58.46,-0.0007677543186179747,-0.021714619785359268,2019-12,-0.045052857614800115
2019-12-06,58.5975,6196064,58.6025,58.8575,58.3775,0.0005122294788064696,-0.010803967081662758,2019-12,-0.045052857614800115
2019-12-05,58.64,6184328,58.28,58.6975,58.2575,0.0007252869149707575,0.0028217186831980268,2019-12,-0.045052857614800115
2019-12-04,58.565,6699084,57.9125,58.6175,57.875,-0.0012789904502047422,-0.006446687590126454,2019-12,-0.045052857614800115
2019-12-03,58.0575,9601004,58.0,58.205,57.8475,-0.008665585247161323,-0.00946896992962254,2019-12,-0.045052857614800115
2019-12-02,57.8125,7118524,58.4275,58.4275,57.7675,-0.004219954355595745,-0.012891108549963781,2019-12,-0.045052857614800115
2019-11-29,58.455,3557788,58.6525,58.9312,58.308,0.011113513513513418,-0.0024318443619607555,2019-11,0.008083140877598215
2019-11-27,58.2675,8584076,58.3325,58.4462,58.14,-0.003207595586348422,-0.006352319236016424,2019-11,0.008083140877598215
2019-11-26,58.73,15634816,58.2925,58.81,58.25,0.007937529497575868,0.002817382395628787,2019-11,0.008083140877598215
2019-11-25,58.14,7456224,58.4675,58.6389,57.94,-0.010045973097224548,0.0014210050381089356,2019-11,0.008083140877598215
2019-11-22,58.345,5016120,58.855,59.0425,57.93,0.0035259717922255795,0.009210810810810877,2019-11,0.008083140877598215
2019-11-21,58.785,4990032,58.9325,59.0675,58.5275,0.007541348873082443,0.005645368231973258,2019-11,0.008083140877598215
2019-11-20,58.805,8506160,58.335,59.19,58.18,0.0003402228459641332,0.009224696443128622,2019-11,0.008083140877598215
2019-11-19,58.165,6522472,58.0225,58.5844,57.7825,-0.01088342827990818,-0.009620296271070972,2019-11,0.008083140877598215
2019-11-18,58.04,7011552,57.995,58.61,57.9375,-0.002149058712283991,-0.0017199862401100496,2019-11,0.008083140877598215
2019-11-15,57.855,7382488,57.605,57.885,57.0875,-0.00318745692625777,-0.008398320335932796,2019-11,0.008083140877598215
2019-11-14,57.4675,6346572,57.0,57.53,56.9025,-0.00669777893008372,-0.02241217997788547,2019-11,0.008083140877598215
2019-11-13,56.9775,7216052,56.225,57.045,56.225,-0.00852655848958106,-0.031077289346144066,2019-11,0.008083140877598215
2019-11-12,55.805,5798412,55.5475,56.0,55.5231,-0.020578298451143007,-0.04057422848792225,2019-11,0.008083140877598215
2019-11-11,55.555,6142952,55.59,55.87,55.4275,-0.0044798853149359275,-0.04281529979324605,2019-11,0.008083140877598215
2019-11-08,55.52,6431684,55.775,56.1725,55.26,-0.0006300063000629352,-0.04035951948837602,2019-11,0.008083140877598215
2019-11-07,55.7725,12473360,56.655,56.66,55.165,0.004547910662824117,-0.029494931918040646,2019-11,0.008083140877598215
2019-11-06,56.8725,6976372,56.875,57.125,56.65,0.019722981756241875,-0.0018428326971172693,2019-11,0.008083140877598215
2019-11-05,56.7775,9502220,56.8525,57.325,56.1775,-0.0016704030946415038,0.017426753875100953,2019-11,0.008083140877598215
2019-11-04,57.4,13459664,58.8075,58.8075,57.0475,0.010963850116683549,0.03321033210332103,2019-11,0.008083140877598215
2019-11-01,58.9275,8017964,59.6725,59.7225,58.7725,0.026611498257839816,0.06137427953890495,2019-11,0.008083140877598215
2019-10-31,59.585,8228544,58.88,59.625,58.73,0.011157778626277981,0.06835806176879289,2019-10,-0.026474783922128063
2019-10-30,58.865,4959028,58.3325,59.1575,58.2525,-0.012083578081731994,0.03503450701129718,2019-10,-0.026474783922128063
2019-10-29,58.15,6861336,58.0675,58.2925,57.8,-0.012146436762082824,0.024173308088591305,2019-10,-0.026474783922128063
2019-10-28,58.3075,7164220,59.125,59.1775,58.16,0.0027085124677557193,0.01581010452961662,2019-10,-0.026474783922128063
2019-10-25,59.22,6072392,59.405,59.4125,58.8925,0.01564978776315229,0.004963726613211206,2019-10,-0.026474783922128063
2019-10-24,59.3875,6518180,59.0,59.4175,58.705,0.0028284363390747025,-0.003314592598808397,2019-10,-0.026474783922128063
2019-10-23,59.0,8950576,59.3875,59.65,58.9275,-0.0065249421174490285,0.002293383164868823,2019-10,-0.026474783922128063
2019-10-22,59.06,12978520,58.4475,59.9725,58.2525,0.0010169491525424679,0.015649183147033563,2019-10,-0.026474783922128063
2019-10-21,58.2,6955080,58.1025,58.26,57.6625,-0.014561462919065349,-0.0018436736268918619,2019-10,-0.026474783922128063
2019-10-18,58.12,8784292,57.7975,58.195,57.5775,-0.0013745704467355013,-0.018574805808848405,2019-10,-0.026474783922128063
2019-10-17,57.7725,5567476,57.3175,57.8975,57.3175,-0.0059790089470060925,-0.027194274889496994,2019-10,-0.026474783922128063
2019-10-16,57.4775,7698920,56.9175,57.585,56.645,-0.005106235665757963,-0.025805084745762707,2019-10,-0.026474783922128063
2019-10-15,56.885,5939792,57.335,57.4543,56.7075,-0.010308381540602873,-0.036826955638333936,2019-10,-0.026474783922128063
2019-10-14,57.225,4718920,57.5025,57.595,56.8875,0.005976971082007676,-0.01675257731958768,2019-10,-0.026474783922128063
2019-10-11,57.385,8303988,57.9475,58.0938,57.1375,0.002795980777632101,-0.012646249139710908,2019-10,-0.026474783922128063
2019-10-10,58.0,7550976,58.005,58.215,57.5588,0.010717086346606397,0.00393785970833882,2019-10,-0.026474783922128063
2019-10-09,58.34,6014092,58.0575,58.5675,57.75,0.005862068965517331,0.01500587186290292,2019-10,-0.026474783922128063
2019-10-08,57.4925,7595084,58.035,58.045,57.49,-0.014526911210147486,0.010679440977410692,2019-10,-0.026474783922128063
2019-10-07,58.1375,6375888,58.3625,58.455,57.7925,0.011218854633213038,0.01594582787243337,2019-10,-0.026474783922128063
2019-10-04,58.3975,6633428,57.5275,58.465,57.5,0.004472156525478388,0.017643983619412884,2019-10,-0.026474783922128063
2019-10-03,57.5425,10032628,57.215,57.5725,57.14,-0.014641037715655725,-0.00788793103448282,2019-10,-0.026474783922128063
2019-10-02,57.2775,8891736,57.9225,58.1206,57.1325,-0.004605291740887085,-0.01821220431950632,2019-10,-0.026474783922128063
2019-10-01,58.0075,6731760,58.04,58.2925,57.6625,0.012744969665226202,0.008957690133495788,2019-10,-0.026474783922128063
2019-09-30,58.2475,8961688,58.005,58.3625,57.9375,0.004137396026375972,0.0018920662223178564,2019-09,-0.03188978067728231
2019-09-27,57.815,7501172,58.0625,58.1425,57.5375,-0.007425211382462882,-0.009974742069437936,2019-09,-0.03188978067728231
2019-09-26,57.93,8727848,57.4975,58.1975,57.395,0.001989103173916762,0.006734153017335043,2019-09,-0.03188978067728231
2019-09-25,57.3425,8473612,57.225,57.3725,56.8775,-0.010141550146728795,0.0011348260660817289,2019-09,-0.03188978067728231
2019-09-24,57.1275,8847020,56.47,57.1675,56.34,-0.0037494005318917667,-0.01517045209671164,2019-09,-0.03188978067728231
2019-09-23,56.32,6746816,56.36,56.615,56.21,-0.014135048794363447,-0.03309154899351907,2019-09,-0.03188978067728231
2019-09-20,56.43,19179312,56.3,56.5,55.91,0.001953125,-0.023955720833693683,2019-09,-0.03188978067728231
2019-09-19,56.225,5946144,56.185,56.35,55.8901,-0.0036328194222930987,-0.029432073191783203,2019-09,-0.03188978067728231
2019-09-18,55.975,7688560,55.715,56.0475,55.3413,-0.004446420631391779,-0.023847931290055358,2019-09,-0.03188978067728231
2019-09-17,55.555,7706524,54.61,55.5825,54.61,-0.007503349709691909,-0.027526147652181532,2019-09,-0.03188978067728231
2019-09-16,54.5775,5033560,54.6425,54.77,54.315,-0.017595175951759523,-0.030939275568181768,2019-09,-0.03188978067728231
2019-09-13,54.6225,8213196,55.015,55.03,54.4475,0.000824515597086739,-0.03203083466241352,2019-09,-0.03188978067728231
2019-09-12,55.185,8671044,55.4675,55.5625,54.93,0.010297954139777632,-0.018497109826589586,2019-09,-0.03188978067728231
2019-09-11,55.015,8817896,54.505,55.1475,54.3625,-0.003080547250158605,-0.017150513622152808,2019-09,-0.03188978067728231
2019-09-10,54.53,11094976,54.82,54.915,54.0925,-0.008815777515223111,-0.01845018450184499,2019-09,-0.03188978067728231
2019-09-09,54.9725,8297580,54.8,55.2225,54.7225,0.008114799193104538,0.0072374146855387345,2019-09,-0.03188978067728231
2019-09-06,55.035,9130828,55.0275,55.2581,54.69,0.0011369321024148338,0.007551833035836841,2019-09,-0.03188978067728231
2019-09-05,54.9525,17662356,54.795,55.335,54.65,-0.0014990460615971202,-0.00421310138624631,2019-09,-0.03188978067728231
2019-09-04,56.03,8913200,56.3975,56.49,55.7075,0.019607843137254832,0.018449513768972192,2019-09,-0.03188978067728231
2019-09-03,56.39,9718596,54.7025,56.3975,54.7025,0.006425129394966866,0.03410966440491481,2019-09,-0.03188978067728231
2019-08-30,54.77,11787864,55.4525,55.49,54.7125,-0.02872849796063126,-0.0036836600118239637,2019-08,-0.04025926602154474
2019-08-29,55.28,8511824,55.63,55.63,54.8033,0.009311666970969412,0.004451712546561293,2019-08,-0.04025926602154474
2019-08-28,55.2975,11356664,55.785,55.995,55.0425,0.0003165701881331362,0.006278149310768422,2019-08,-0.04025926602154474
2019-08-27,56.0025,9541344,56.0575,56.3925,55.975,0.012749220127492134,-0.0004908084954489134,2019-08,-0.04025926602154474
2019-08-26,55.905,7455472,55.625,55.9225,55.3975,-0.001740993705638072,-0.008600815747472956,2019-08,-0.04025926602154474
2019-08-23,55.475,10485952,55.6325,56.05,55.1575,-0.007691619712011488,0.012872010224575403,2019-08,-0.04025926602154474
2019-08-22,55.405,9160244,55.2925,55.4425,54.8825,-0.0012618296529968154,0.0022612156295225283,2019-08,-0.04025926602154474
2019-08-21,55.315,7483400,54.965,55.335,54.7875,-0.0016244021297717737,0.00031647000316459284,2019-08,-0.04025926602154474
2019-08-20,54.7825,8316128,54.95,54.95,54.3475,-0.009626683539726955,-0.021784741752600256,2019-08,-0.04025926602154474
2019-08-19,54.74,5632476,54.3275,54.9025,54.155,-0.0007757951900697613,-0.02083892317324032,2019-08,-0.04025926602154474
2019-08-16,54.3825,10488428,54.5725,54.9438,54.1,-0.006530873218852817,-0.019693555655700745,2019-08,-0.04025926602154474
2019-08-15,54.2875,7865536,53.6575,54.4675,53.5725,-0.0017468854870592576,-0.02016965977799834,2019-08,-0.04025926602154474
2019-08-14,53.74,9557960,54.025,54.495,53.6825,-0.010085194565968236,-0.028473289342854535,2019-08,-0.04025926602154474
2019-08-13,53.905,7562780,53.8475,54.2625,53.6953,0.003070338667659156,-0.016017888924382717,2019-08,-0.04025926602154474
2019-08-12,53.8625,3922216,54.2775,54.2775,53.6575,-0.0007884240793990527,-0.016030325173547744,2019-08,-0.04025926602154474
2019-08-09,54.12,5828736,53.965,54.295,53.7525,0.004780691575771545,-0.004826920424769066,2019-08,-0.04025926602154474
2019-08-08,53.805,5971580,53.305,53.975,52.8025,-0.005820399113081964,-0.00888786553073917,2019-08,-0.04025926602154474
2019-08-07,53.2175,6892764,52.8475,53.5,52.1602,-0.010919059566954714,-0.009722739114253809,2019-08,-0.04025926602154474
2019-08-06,52.85,7171456,52.035,53.0375,51.66,-0.0069056231502795384,-0.019571468323903107,2019-08,-0.04025926602154474
2019-08-05,52.0125,8838332,52.89,53.16,51.775,-0.015846736045411536,-0.0343467161754466,2019-08,-0.04025926602154474
2019-08-02,52.8525,6912676,52.78,53.3075,52.505,0.016149963950973234,-0.023420177383592033,2019-08,-0.04025926602154474
2019-08-01,52.565,7508148,51.6575,52.9037,51.62,-0.005439666997776871,-0.02304618529876412,2019-08,-0.04025926602154474
2019-07-31,51.7925,8447708,52.4675,52.5425,51.5525,-0.014696090554551566,-0.026776906092920605,2019-07,-0.015204904184968757
2019-07-30,52.3475,6450440,52.8475,53.0925,52.0675,0.010715837235120818,-0.009508041627247055,2019-07,-0.015204904184968757
2019-07-29,52.845,5273832,52.475,52.885,52.32,0.009503796742919901,0.016005767844268215,2019-07,-0.015204904184968757
2019-07-26,52.2925,4324684,52.035,52.4375,51.95,-0.010455104551045591,-0.010595525282626195,2019-07,-0.015204904184968757
2019-07-25,51.9075,7009844,52.035,52.36,51.76,-0.007362432471195612,-0.012508323028631252,2019-07,-0.015204904184968757
2019-07-24,52.515,6080364,52.085,52.5238,51.635,0.011703511053316129,0.013949896220495361,2019-07,-0.015204904184968757
2019-07-23,51.825,6337260,52.3525,52.375,51.7325,-0.013139103113396167,-0.009981374468694626,2019-07,-0.015204904184968757
2019-07-22,52.34,6547736,52.5025,52.6725,51.9325,0.00993728895320789,-0.009556249408647854,2019-07,-0.015204904184968757
2019-07-19,52.4325,5843476,52.95,53.125,52.35,0.0017672907909820346,0.00267724817134396,2019-07,-0.015204904184968757
2019-07-18,53.09,4413220,52.565,53.12,52.25,0.012539932293901712,0.0227809083465782,2019-07,-0.015204904184968757
2019-07-17,52.4775,6556724,52.175,52.835,52.175,-0.011537012620079223,-0.000714081690945445,2019-07,-0.015204904184968757
2019-07-16,51.97,4281704,52.165,52.3575,51.7,-0.009670811300080961,0.0027978774722623445,2019-07,-0.015204904184968757
2019-07-15,52.2125,8714000,52.1675,52.405,51.9225,0.004666153550125118,-0.0024359954145969365,2019-07,-0.015204904184968757
2019-07-12,52.1825,6283312,52.475,52.565,51.9477,-0.0005745750538664884,-0.004768035092738265,2019-07,-0.015204904184968757
2019-07-11,52.6,5830528,52.3975,52.68,52.1388,0.008000766540506854,-0.009229610096063379,2019-07,-0.015204904184968757
2019-07-10,52.37,5922860,52.1075,52.7054,51.8875,-0.004372623574144585,-0.002048496974894065,2019-07,-0.015204904184968757
2019-07-09,52.04,7276232,52.06,52.25,51.7925,-0.006301317548214613,0.0013469309216855851,2019-07,-0.015204904184968757
2019-07-08,52.2825,4322444,52.1525,52.3325,51.855,0.004659877017678671,0.001340675125688362,2019-07,-0.015204904184968757
2019-07-05,52.0275,4196592,51.86,52.1175,51.3334,-0.004877349017357591,-0.002970344464140129,2019-07,-0.015204904184968757
2019-07-03,52.1825,5654408,51.9725,52.365,51.915,0.002979193695641591,-0.007937262357414543,2019-07,-0.015204904184968757
2019-07-02,51.915,6696132,51.1925,51.975,51.1875,-0.005126239639725916,-0.008688180255871703,2019-07,-0.015204904184968757
2019-07-01,51.005,8538088,51.0925,51.215,50.265,-0.017528652605219963,-0.019888547271329715,2019-07,-0.015204904184968757
2019-06-28,51.215,11647700,50.9925,52.0575,50.8113,0.004117243407509186,-0.020417921866781374,2019-06,-0.025773699111588406
2019-06-27,51.1375,7529232,51.2,51.365,50.905,-0.0015132285463242967,-0.017106337994329923,2019-06,-0.025773699111588406
2019-06-26,50.7675,7394440,51.35,51.56,50.755,-0.0072353947690052545,-0.02711637043069992,2019-06,-0.025773699111588406
2019-06-25,51.555,6954172,52.095,52.2275,51.4875,0.015511892450879028,-0.006934412019647507,2019-06,-0.025773699111588406
2019-06-24,52.05,6009332,52.09,52.1625,51.7175,0.00960139656677339,0.02048818743260461,2019-06,-0.025773699111588406
2019-06-21,51.8875,12560808,51.7825,52.1175,51.355,-0.0031219980787703383,0.013130918676169001,2019-06,-0.025773699111588406
2019-06-20,51.595,8883408,51.665,51.865,51.1798,-0.005637195856420196,0.008946467856269846,2019-06,-0.025773699111588406
2019-06-19,51.56,6602672,51.0725,51.7675,51.065,-0.0006783603062311405,0.015610380656916334,2019-06,-0.025773699111588406
2019-06-18,51.355,6576228,51.9575,51.9875,50.9663,-0.003975950349107915,-0.0038793521481913507,2019-06,-0.025773699111588406
2019-06-17,51.5925,6233544,51.8125,51.9988,51.3125,0.004624671404926506,-0.008789625360230424,2019-06,-0.025773699111588406
2019-06-14,51.74,5525216,51.415,51.8325,51.2375,0.002858942675776577,-0.002842688508793101,2019-06,-0.025773699111588406
2019-06-13,51.1925,6806444,51.15,51.375,50.8125,-0.010581754928488563,-0.007801143521658949,2019-06,-0.025773699111588406
2019-06-12,51.1375,5237340,50.8325,51.3275,50.6975,-0.0010743761293158238,-0.008194336695112492,2019-06,-0.025773699111588406
2019-06-11,50.4925,4606812,50.8,50.9525,50.19,-0.012613053043265765,-0.016794859312627697,2019-06,-0.025773699111588406
2019-06-10,50.855,7104620,51.025,51.1725,50.37,0.007179284052086787,-0.014294713378882662,2019-06,-0.025773699111588406
2019-06-07,51.0975,6242848,51.725,52.1175,51.0975,0.004768459345197096,-0.012417858523386283,2019-06,-0.025773699111588406
2019-06-06,51.44,5614528,51.25,51.6025,50.9725,0.0067028719604678155,0.004834692581921152,2019-06,-0.025773699111588406
2019-06-05,51.1625,7546708,50.125,51.2125,50.0063,-0.005394634525660913,0.000488878024932804,2019-06,-0.025773699111588406
2019-06-04,49.845,7811664,50.035,50.0775,49.0925,-0.025751282677742515,-0.012823686686141533,2019-06,-0.025773699111588406
2019-06-03,49.895,6806120,49.7325,49.915,49.3275,0.0010031096398837036,-0.018877199882017415,2019-06,-0.025773699111588406
2019-05-31,49.5525,9161532,49.5725,49.8475,49.1525,-0.006864415272071378,-0.030236312931160914,2019-05,-0.024923061399525742
2019-05-30,49.735,6462968,49.7775,50.0125,49.615,0.0036829625145047284,-0.0331454121306376,2019-05,-0.024923061399525742
2019-05-29,49.68,7215780,50.4275,50.57,49.6175,-0.0011058610636373034,-0.028976301001710225,2019-05,-0.024923061399525742
2019-05-28,50.2925,7048292,50.9425,51.0225,50.2325,0.012328904991948386,0.008977831276958614,2019-05,-0.024923061399525742
2019-05-24,50.8425,5559256,50.93,51.1825,50.7775,0.01093602425809026,0.018989878745365285,2019-05,-0.024923061399525742
2019-05-23,50.8825,8215984,50.565,50.9475,50.565,0.0007867433741455265,0.026840219968720103,2019-05,-0.024923061399525742
2019-05-22,50.4825,6706640,49.8725,50.5867,49.655,-0.00786124895592788,0.015029657183070366,2019-05,-0.024923061399525742
2019-05-21,49.725,6069376,49.875,50.2475,49.6975,-0.015005199821720439,0.0009057971014492239,2019-05,-0.024923061399525742
2019-05-20,49.8375,5464572,49.82,50.1525,49.735,0.002262443438914019,-0.009047074613510953,2019-05,-0.024923061399525742
2019-05-17,49.745,6821680,48.9575,49.865,48.905,-0.0018560321043391559,-0.021586271328121187,2019-05,-0.024923061399525742
2019-05-16,49.2775,8465600,48.6225,49.48,48.455,-0.009397929440144615,-0.03154326143566055,2019-05,-0.024923061399525742
2019-05-15,48.715,7072100,48.8025,49.0325,48.6175,-0.011414945969255741,-0.035012132917347616,2019-05,-0.024923061399525742
2019-05-14,48.725,8954652,48.73,49.1775,48.3775,0.00020527558246952182,-0.020110608345902503,2019-05,-0.024923061399525742
2019-05-13,48.7325,10632936,47.855,48.8525,47.77,0.0001539250897897304,-0.022172059192375193,2019-05,-0.024923061399525742
2019-05-10,47.94,6419932,47.14,48.05,47.02,-0.016262247986456813,-0.03628505377424862,2019-05,-0.024923061399525742
2019-05-09,47.1525,6872448,47.1125,47.3025,46.87,-0.016426783479349116,-0.043123129217188416,2019-05,-0.024923061399525742
2019-05-08,46.97,7887644,47.4,47.5025,46.8237,-0.003870420444303191,-0.03582058914092179,2019-05,-0.024923061399525742
2019-05-07,47.4375,7748500,47.4525,47.69,47.215,0.009953161592505921,-0.02642380708055414,2019-05,-0.024923061399525742
2019-05-06,47.725,6730324,48.05,48.3325,47.71,0.0060606060606061,-0.020674088134202018,2019-05,-0.024923061399525742
2019-05-03,48.1025,6694724,47.8925,48.1575,47.7025,0.007909900471450904,0.0033896537338340416,2019-05,-0.024923061399525742
2019-05-02,47.93,10035528,48.21,48.4675,47.64,-0.0035860921989501193,0.016489051481893835,2019-05,-0.024923061399525742
2019-05-01,48.3175,8541308,48.3775,48.76,48.2325,0.00808470686417695,0.028688524590164022,2019-05,-0.024923061399525742
2019-04-30,48.61,10643712,47.94,48.6625,47.815,0.006053707248926399,0.024716732542819475,2019-04,-0.02031475005142969
2019-04-29,47.9425,7094348,48.0075,48.2238,47.6512,-0.01373174243982711,0.004557359874279854,2019-04,-0.02031475005142969
2019-04-26,47.9275,5653544,47.85,48.3475,47.8225,-0.0003128747979350699,-0.0036380645496595365,2019-04,-0.02031475005142969
2019-04-25,47.62,5898200,47.3575,47.9288,47.315,-0.006415940743831894,-0.006467765491341537,2019-04,-0.02031475005142969
2019-04-24,47.515,6187184,47.44,47.775,47.2875,-0.0022049559008818775,-0.01660888911884928,2019-04,-0.02031475005142969
2019-04-23,47.4475,8817936,47.715,47.8675,47.02,-0.001420604019783278,-0.023914832339024916,2019-04,-0.02031475005142969
2019-04-22,47.595,7303504,47.2925,47.7075,47.2625,0.003108699088466116,-0.007248266152161564,2019-04,-0.02031475005142969
2019-04-18,47.34,6670700,47.355,47.6696,47.31,-0.005357705641348742,-0.01225809816910961,2019-04,-0.02031475005142969
2019-04-17,47.4125,6742080,47.4375,47.6375,47.2592,0.0015314744402197267,-0.004357412851742848,2019-04,-0.02031475005142969
2019-04-16,47.38,6523216,47.765,48.0775,47.355,-0.0006854732401792019,-0.002841208039566445,2019-04,-0.02031475005142969
2019-04-15,47.79,5872760,47.7775,48.0175,47.67,0.008653440270156132,0.0072185046630486305,2019-04,-0.02031475005142969
2019-04-12,47.7125,4768548,47.3425,47.7625,47.1125,-0.0016216781753505272,0.002468746717092074,2019-04,-0.02031475005142969
2019-04-11,47.51,5460540,47.155,47.545,47.1,-0.004244170814776016,0.003591043514997727,2019-04,-0.02031475005142969
2019-04-10,47.155,5164740,47.4375,47.855,47.1,-0.007472111134497972,-0.00543105721065118,2019-04,-0.02031475005142969
2019-04-09,47.4275,6617064,47.16,47.485,47.1325,0.005778814547767963,0.001002532714225346,2019-04,-0.02031475005142969
2019-04-08,47.16,5772888,47.36,47.455,46.9575,-0.005640187654841755,-0.013182674199623379,2019-04,-0.02031475005142969
2019-04-05,47.52,6452692,47.345,47.585,47.0,0.007633587786259666,-0.004034582132564801,2019-04,-0.02031475005142969
2019-04-04,47.1,7003892,47.495,47.51,46.8575,-0.008838383838383868,-0.008629762155335619,2019-04,-0.02031475005142969
2019-04-03,47.3275,8202984,47.2775,47.57,46.9725,0.004830148619957564,0.0036581486586788614,2019-04,-0.02031475005142969
2019-04-02,47.37,9948192,47.6775,47.7497,47.1775,0.0008979979927103976,-0.0012123767856202505,2019-04,-0.02031475005142969
2019-04-01,47.6225,9382120,48.355,48.4375,47.5525,0.005330377876293202,0.009807039864291989,2019-04,-0.02031475005142969
2019-03-29,48.33,10735652,47.9825,48.3675,47.825,0.014856422909339084,0.017045454545454364,2019-03,-0.029795158286778353
2019-03-28,47.98,7145964,48.4775,48.5975,47.83,-0.007241878750258723,0.01868365180467091,2019-03,-0.029795158286778353
2019-03-27,48.48,5636392,48.8125,48.825,48.2187,0.010421008753647376,0.024351592625851737,2019-03,-0.029795158286778353
2019-03-26,48.75,6093116,48.455,48.8325,48.255,0.005569306930693241,0.029132362254591593,2019-03,-0.029795158286778353
2019-03-25,48.4025,5170508,48.6125,48.775,48.3875,-0.007128205128205112,0.01637881253609108,2019-03,-0.029795158286778353
2019-03-22,48.4825,9469504,48.0625,48.8875,48.0625,0.0016528071897112806,0.0031553900268985746,2019-03,-0.029795158286778353
2019-03-21,47.9775,6708132,47.5725,48.07,47.4625,-0.010416129531274243,-5.210504376818026e-05,2019-03,-0.029795158286778353
2019-03-20,47.4675,8669116,47.26,47.7925,46.96,-0.010629982804439497,-0.020884900990098876,2019-03,-0.029795158286778353
2019-03-19,47.125,8029976,47.6325,47.6525,46.9475,-0.007215463211671214,-0.033333333333333326,2019-03,-0.029795158286778353
2019-03-18,47.7175,7469300,47.8675,47.995,47.5325,0.012572944297082334,-0.014152161561902799,2019-03,-0.029795158286778353
2019-03-15,47.81,14402168,47.69,47.985,47.5025,0.001938492167443906,-0.013870984375805695,2019-03,-0.029795158286778353
2019-03-14,47.745,5814432,47.79,48.0412,47.5525,-0.0013595482116712798,-0.004846021572612158,2019-03,-0.029795158286778353
2019-03-13,47.7425,4906916,47.4675,47.88,47.365,-5.236150382237348e-05,0.0057934376152104505,2019-03,-0.029795158286778353
2019-03-12,47.7225,7140584,47.5,47.84,47.3575,-0.0004189139655443874,0.012679045092838015,2019-03,-0.029795158286778353
2019-03-11,47.375,7135568,47.1525,47.445,47.115,-0.007281680549007241,-0.007177660187562274,2019-03,-0.029795158286778353
2019-03-08,47.175,6972812,47.1525,47.3575,46.73,-0.004221635883905117,-0.013281740221711025,2019-03,-0.029795158286778353
2019-03-07,46.9825,9411128,47.065,47.2825,46.845,-0.004080551139374555,-0.015970258665828796,2019-03,-0.029795158286778353
2019-03-06,46.8925,7155772,47.015,47.2413,46.7449,-0.001915606874900333,-0.017803843535633912,2019-03,-0.029795158286778353
2019-03-05,47.08,7622144,47.0925,47.3025,47.005,0.003998507223969661,-0.013463251087013406,2019-03,-0.029795158286778353
2019-03-04,47.06,8598208,47.0575,47.1375,46.6425,-0.00042480883602369346,-0.006649076517150299,2019-03,-0.029795158286778353
2019-03-01,46.89,6865668,46.88,47.145,46.6475,-0.003612409689757845,-0.0060413354531000385,2019-03,-0.029795158286778353
2019-02-28,46.93,12454080,46.7525,47.185,46.515,0.0008530603540199966,-0.0011174373436918517,2019-02,-0.052738120605156646
2019-02-27,46.7025,7288064,46.645,46.8725,46.52,-0.00484764542936289,-0.00405182065362264,2019-02,-0.052738120605156646
2019-02-26,47.0575,7644280,47.045,47.2537,46.7872,0.0076013061399282655,-0.00047790994052676616,2019-02,-0.052738120605156646
2019-02-25,46.97,7555432,47.1125,47.3475,46.5775,-0.0018594272963926572,-0.0019124521886954016,2019-02,-0.052738120605156646
2019-02-22,47.0325,6735088,46.7075,47.035,46.44,0.0013306365765382022,0.003039027511196446,2019-02,-0.052738120605156646
2019-02-21,46.64,7824928,46.2225,46.7175,46.14,-0.00834529314835486,-0.006179416151715356,2019-02,-0.052738120605156646
2019-02-20,46.41,9170028,46.27,46.525,46.01,-0.004931389365351757,-0.006263048016701522,2019-02,-0.052738120605156646
2019-02-19,46.3425,9774124,46.0325,46.4525,45.85,-0.0014544279250160441,-0.015194177336237513,2019-02,-0.052738120605156646
2019-02-15,46.01,8813244,46.1525,46.2775,45.825,-0.007174839510168951,-0.020438577815626968,2019-02,-0.052738120605156646
2019-02-14,45.6525,6389884,45.84,46.11,45.635,-0.007770049989132666,-0.02934141285281444,2019-02,-0.052738120605156646
2019-02-13,45.7125,5720504,45.765,45.965,45.6075,0.001314276326597641,-0.019886363636363646,2019-02,-0.052738120605156646
2019-02-12,45.8175,6972336,45.75,46.1025,45.42,0.0022969647251847025,-0.01276664511958614,2019-02,-0.052738120605156646
2019-02-11,45.7525,7400648,45.605,45.9825,45.58,-0.0014186719048399077,-0.012731294168420004,2019-02,-0.052738120605156646
2019-02-08,45.7525,7314064,45.3025,45.8425,45.255,0.0,-0.0055966094327319915,2019-02,-0.052738120605156646
2019-02-07,45.3375,8510536,44.5,45.3625,44.47,-0.009070542593300868,-0.0068999507146378924,2019-02,-0.052738120605156646
2019-02-06,44.525,6647204,44.6825,44.81,44.4,-0.017921146953404965,-0.025977577249111317,2019-02,-0.052738120605156646
2019-02-05,44.5425,7880812,44.3925,44.675,44.1915,0.00039303761931486214,-0.027827795056474147,2019-02,-0.052738120605156646
2019-02-04,44.525,10581332,44.2775,44.5475,44.0327,-0.0003928832014368222,-0.026829135019944217,2019-02,-0.052738120605156646
2019-02-01,44.455,8866472,44.5925,44.78,44.125,-0.0015721504772600037,-0.028359106059778094,2019-02,-0.052738120605156646
2019-01-31,44.745,12481408,43.36,44.8225,43.3375,0.0065234506804634496,-0.013068651778329277,2019-01,-0.051123030506201685
2019-01-30,43.3975,8341908,43.06,43.6575,43.025,-0.030115096658844487,-0.025322852330151524,2019-01,-0.051123030506201685
2019-01-29,43.215,7086416,43.27,43.3575,42.935,-0.004205311365861997,-0.029802997137565068,2019-01,-0.051123030506201685
2019-01-28,43.1175,11962648,44.0275,44.0275,42.9425,-0.002256161055189221,-0.03161145423919143,2019-01,-0.051123030506201685
2019-01-25,43.55,15254468,44.625,44.8725,43.48,0.010030729982025699,-0.020357665054549612,2019-01,-0.051123030506201685
2019-01-24,45.07,9812592,44.815,45.22,44.49,0.03490241102181413,0.007263381383394885,2019-01,-0.051123030506201685
2019-01-23,44.845,9089044,44.485,44.865,44.0475,-0.004992234302196641,0.03335445590183772,2019-01,-0.051123030506201685
2019-01-22,44.345,8297560,43.8575,44.4875,43.8088,-0.01114951499609762,0.026148328126807785,2019-01,-0.051123030506201685
2019-01-18,44.0225,7409952,44.1,44.153,43.7775,-0.007272522268575887,0.0209891575346437,2019-01,-0.051123030506201685
2019-01-17,43.8725,8103080,43.7825,43.98,43.61,-0.003407348514963937,0.007405281285878473,2019-01,-0.051123030506201685
2019-01-16,43.67,7034816,43.505,43.7275,43.2075,-0.004615647615248797,-0.031062791213667618,2019-01,-0.051123030506201685
2019-01-15,43.68,8873512,42.8475,43.9525,42.6875,0.0002289901534233696,-0.02597836994090752,2019-01,-0.051123030506201685
2019-01-14,42.8075,15334748,43.655,43.655,42.3375,-0.019974816849816945,-0.034671327094373705,2019-01,-0.051123030506201685
2019-01-11,43.9275,8860052,43.785,44.035,43.4125,0.02616363954914447,-0.0021579873928104787,2019-01,-0.051123030506201685
2019-01-10,43.8475,11370952,43.325,43.905,43.1375,-0.001821182630470819,-0.0005698330389197759,2019-01,-0.051123030506201685
2019-01-09,43.1975,7047688,43.39,43.5,43.0125,-0.014824106277438798,-0.010819784749255823,2019-01,-0.051123030506201685
2019-01-08,43.385,9629328,43.0375,43.4472,42.8925,0.0043405289657967305,-0.006753663003663091,2019-01,-0.051123030506201685
2019-01-07,43.07,9420772,42.9125,43.235,42.625,-0.007260573931082148,0.00613210301933087,2019-01,-0.051123030506201685
2019-01-04,43.1325,10692300,42.2875,43.1475,42.165,0.001451126073833242,-0.018098002390302237,2019-01,-0.051123030506201685
2019-01-03,42.3525,9245672,42.4775,42.79,42.1675,-0.018083811511041548,-0.0340954444381093,2019-01,-0.051123030506201685
2019-01-02,42.4575,10492456,43.17,43.325,42.2525,0.0024791924915885666,-0.017130620985010614,2019-01,-0.051123030506201685
2018-12-31,43.455,6417476,43.2525,43.5075,42.8188,0.02349408231761152,0.0016134608735738354,2018-12,0.04987918536416992
2018-12-28,43.18,6923988,43.15,43.5925,42.905,-0.006328385686342197,0.0025539818899464883,2018-12,0.04987918536416992
2018-12-27,43.04,9480532,42.635,43.04,41.9873,-0.003242241778601218,-0.00214455457021967,2018-12,0.04987918536416992
2018-12-26,42.585,8384348,42.0175,42.5925,41.195,-0.010571561338289959,0.0054896405170887785,2018-12,0.04987918536416992
2018-12-24,42.02,6629840,43.6125,43.845,41.73,-0.013267582482094586,-0.010304422069127961,2018-12,0.04987918536416992
2018-12-21,43.5275,24138940,43.6,44.64,43.31,0.035875773441218506,0.0016683925900358165,2018-12,0.04987918536416992
2018-12-20,43.7275,13012052,43.625,44.1375,43.0975,0.004594796393084799,0.012679481241315349,2018-12,0.04987918536416992
2018-12-19,43.63,13437468,44.125,44.2938,43.41,-0.002229718140758008,0.0137081784386619,2018-12,0.04987918536416992
2018-12-18,44.0,11755112,44.0625,44.455,43.855,0.008480403392161273,0.03322766232241392,2018-12,0.04987918536416992
2018-12-17,43.9125,13066096,45.59,45.59,43.7175,-0.0019886363636363313,0.04503807710613983,2018-12,0.04987918536416992
2018-12-14,45.31,9227520,45.455,45.6125,44.975,0.03182465129518941,0.04095112285336855,2018-12,0.04987918536416992
2018-12-13,45.55,11265492,45.335,45.8,45.335,0.005296843963804809,0.04167857755417059,2018-12,0.04987918536416992
2018-12-12,45.3275,11912324,45.745,45.9275,45.305,-0.004884742041712298,0.0389067155626861,2018-12,0.04987918536416992
2018-12-11,45.745,10101180,45.58,45.96,45.2925,0.009210744029562568,0.03965909090909081,2018-12,0.04987918536416992
2018-12-10,45.6525,10441668,45.64,45.845,44.92,-0.0020220789157283647,0.0396242527754056,2018-12,0.04987918536416992
2018-12-07,45.715,8665012,45.495,46.05,45.21,0.0013690378402058112,0.008938424188920768,2018-12,0.04987918536416992
2018-12-06,45.665,11055884,45.605,45.755,44.67,-0.0010937329104233617,0.002524698133918868,2018-12,0.04987918536416992
2018-12-04,45.5425,9829448,45.625,46.0425,45.4,-0.002682579656191897,0.004743257404445256,2018-12,0.04987918536416992
2018-12-03,45.6225,9516472,45.1025,45.625,44.8625,0.0017566009771095015,-0.002677888293802444,2018-12,0.04987918536416992
2018-11-30,45.4275,15807232,44.42,45.5075,44.305,-0.004274206805852332,-0.00492853622474132,2018-11,-0.061856804798855365
2018-11-29,44.28,6827016,44.27,44.38,43.7176,-0.025260029717682042,-0.03139013452914807,2018-11,-0.061856804798855365
2018-11-28,44.5125,7868548,44.64,44.8075,44.3025,0.005250677506775103,-0.025238147377641407,2018-11,-0.061856804798855365
2018-11-27,44.5,9084712,44.3925,44.5475,44.05,-0.0002808199943836742,-0.022890706482955436,2018-11,-0.061856804798855365
2018-11-26,44.2575,7455228,44.355,44.4925,43.9225,-0.005449438202247192,-0.029919447640966657,2018-11,-0.061856804798855365
2018-11-23,44.3325,4360684,44.045,44.45,43.825,0.00169462802914766,-0.02410434208353973,2018-11,-0.061856804798855365
2018-11-21,44.045,5978852,44.625,44.625,43.975,-0.006485084306095956,-0.005307136404697377,2018-11,-0.061856804798855365
2018-11-20,44.6925,9752612,45.655,45.9125,44.6362,0.014700874106027939,0.004043807919123843,2018-11,-0.061856804798855365
2018-11-19,45.5025,7012788,45.04,45.5175,44.795,0.018123846282933176,0.022528089887640323,2018-11,-0.061856804798855365
2018-11-16,45.0975,7947864,45.045,45.15,44.58,-0.00890060985660135,0.018979833926453082,2018-11,-0.061856804798855365
2018-11-15,44.795,10935584,44.0675,44.7975,43.665,-0.006707688896280151,0.010432526927197872,2018-11,-0.061856804798855365
2018-11-14,44.205,12376788,44.42,44.5625,43.79,-0.013171112847416122,0.003632648427744245,2018-11,-0.061856804798855365
2018-11-13,44.665,7297616,44.76,44.8675,44.325,0.010406062662594806,-0.0006153157688650879,2018-11,-0.061856804798855365
2018-11-12,44.6225,8538772,44.0475,44.9975,43.9025,-0.0009515280420910877,-0.0193395967254546,2018-11,-0.061856804798855365
2018-11-09,44.14,8160536,43.58,44.26,43.405,-0.010812930696397549,-0.021231775597316815,2018-11,-0.061856804798855365
2018-11-08,43.49,6676436,43.385,43.505,42.9113,-0.014725872224739422,-0.029132715704877743,2018-11,-0.061856804798855365
2018-11-07,43.385,6529904,43.14,43.4675,42.9275,-0.0024143481260060495,-0.01854993778984282,2018-11,-0.061856804798855365
2018-11-06,42.865,5963764,42.64,42.8975,42.375,-0.011985709346548301,-0.04030001119444748,2018-11,-0.061856804798855365
2018-11-05,42.6775,8273892,42.0475,42.895,42.0425,-0.004374198063688328,-0.04358787607148862,2018-11,-0.061856804798855365
2018-11-02,42.0375,11724016,42.77,42.9444,41.6875,-0.014996192373030293,-0.04763253285002267,2018-11,-0.061856804798855365
2018-11-01,42.6175,9389172,43.38,43.38,42.3325,0.01379720487659819,-0.020062083237525896,2018-11,-0.061856804798855365
2018-10-31,43.125,9048056,43.2,43.51,42.7575,0.011908253651669032,-0.0059928546732741506,2018-10,-0.031942028985507194
2018-10-30,43.3875,7572932,43.43,43.635,42.83,0.006086956521739184,0.012189431937478235,2018-10,-0.031942028985507194
2018-10-29,43.195,6566652,42.5675,43.2425,42.52,-0.004436761740132633,0.01212582742662982,2018-10,-0.031942028985507194
2018-10-26,42.4725,8519700,43.525,43.7025,42.1775,-0.016726472971408834,0.010347903657448532,2018-10,-0.031942028985507194
2018-10-25,43.3,8854264,43.7125,43.805,42.9675,0.019483195008535015,0.016014548014313235,2018-10,-0.031942028985507194
2018-10-24,43.9,8550076,42.835,44.2062,42.68,0.01385681293302543,0.017971014492753623,2018-10,-0.031942028985507194
2018-10-23,42.6575,8898776,42.23,43.61,42.23,-0.02830296127562637,-0.016825122443100082,2018-10,-0.031942028985507194
2018-10-22,43.165,5971704,43.3975,43.415,42.9775,0.011897087264842066,-0.0006945248292626882,2018-10,-0.031942028985507194
2018-10-19,43.365,7296952,42.9075,43.6225,42.825,0.004633383528321655,0.021013597033374687,2018-10,-0.031942028985507194
2018-10-18,42.8925,4088536,42.79,43.0225,42.63,-0.010895883777239823,-0.009411085450346413,2018-10,-0.031942028985507194
2018-10-17,42.705,3537508,42.7875,42.9,42.39,-0.004371393600279716,-0.027220956719817724,2018-10,-0.031942028985507194
2018-10-16,42.8225,4700452,42.6,43.085,42.415,0.0027514342582835027,0.003868018519603833,2018-10,-0.031942028985507194
2018-10-15,42.41,6929744,42.3175,42.645,42.1175,-0.00963278650242283,-0.01749102281941395,2018-10,-0.031942028985507194
2018-10-12,42.34,6924060,42.305,42.4525,41.9711,-0.0016505541145954705,-0.023636573273377093,2018-10,-0.031942028985507194
2018-10-11,42.2725,8435028,43.37,43.5125,42.2125,-0.0015942371280114331,-0.014454741504925095,2018-10,-0.031942028985507194
2018-10-10,43.1875,7875456,43.4325,43.915,43.145,0.021645277662783124,0.011298442805292241,2018-10,-0.031942028985507194
2018-10-09,43.4325,5880588,43.4025,43.6175,43.15,0.0056729377713458096,0.01424484791873426,2018-10,-0.031942028985507194
2018-10-08,43.33,6727320,43.145,43.6112,43.0,-0.0023599838830369313,0.021692996934685294,2018-10,-0.031942028985507194
2018-10-05,43.0925,8373120,42.3475,43.1925,42.3475,-0.005481190860835428,0.0177727916863486,2018-10,-0.031942028985507194
2018-10-04,42.3125,9447860,42.0425,42.325,41.5475,-0.018100597551778175,0.0009462416464605106,2018-10,-0.031942028985507194
2018-10-03,42.06,9156084,42.2425,42.775,41.6352,-0.005967503692762111,-0.026107091172214103,2018-10,-0.031942028985507194
2018-10-02,42.335,5572576,41.91,42.4404,41.88,0.006538278649548257,-0.025269095723248647,2018-10,-0.031942028985507194
2018-10-01,41.7475,5190212,41.8475,41.855,41.5775,-0.013877406401322734,-0.036522040156935054,2018-10,-0.031942028985507194
2018-09-28,41.9,9424968,41.52,41.9075,41.52,0.0036529133481046916,-0.027673028949353196,2018-09,0.014498806682577607
2018-09-27,41.3975,9601156,41.165,41.6414,41.0625,-0.011992840095465307,-0.021624815361890648,2018-09,0.014498806682577607
2018-09-26,41.1125,8836916,41.8375,41.8375,41.0675,-0.0068844737001027,-0.02252734189253458,2018-09,0.014498806682577607
2018-09-25,41.7125,7196252,42.2925,42.2925,41.5325,0.01459410155062324,-0.014704145506082456,2018-09,0.014498806682577607
2018-09-24,42.2025,8974648,42.625,42.63,42.11,0.01174707821396459,0.01089885621893516,2018-09,0.014498806682577607
2018-09-21,42.69,16863036,42.4075,42.845,41.985,0.011551448373911422,0.018854415274462966,2018-09,0.014498806682577607
2018-09-20,42.3175,8137032,42.17,42.3825,41.6037,-0.008725696884516188,0.02222356422489291,2018-09,0.014498806682577607
2018-09-19,42.2925,9291672,43.3325,43.39,41.9325,-0.0005907721391860132,0.02870173304955914,2018-09,0.014498806682577607
2018-09-18,43.36,4172516,43.46,43.5575,43.205,0.025240881953064953,0.03949655379083006,2018-09,0.014498806682577607
2018-09-17,43.465,6198820,43.195,43.515,43.105,0.00242158671586723,0.029915289378591448,2018-09,0.014498806682577607
2018-09-14,43.4125,6617108,43.5325,43.5925,43.0025,-0.0012078683998619777,0.016924338252518156,2018-09,0.014498806682577607
2018-09-13,43.65,8133924,43.195,43.6725,42.9775,0.005470774546501467,0.03148815501860924,2018-09,0.014498806682577607
2018-09-12,43.125,7213372,43.06,43.2606,42.93,-0.012027491408934665,0.019684341195247423,2018-09,0.014498806682577607
2018-09-11,43.0375,8125292,43.03,43.34,43.025,-0.0020289855072463947,-0.007437730627306238,2018-09,0.014498806682577607
2018-09-10,43.0075,6013332,43.19,43.2475,42.9125,-0.0006970665117630448,-0.010525710341654282,2018-09,0.014498806682577607
2018-09-07,43.025,7581804,43.0675,43.375,42.8725,0.0004069057722488889,-0.008926000575871118,2018-09,0.014498806682577607
2018-09-06,43.455,8766264,43.105,43.7025,43.045,0.009994189424753053,-0.0044673539518900185,2018-09,0.014498806682577607
2018-09-05,42.905,7756408,42.5,42.965,42.4125,-0.012656771372684283,-0.005101449275362269,2018-09,0.014498806682577607
2018-09-04,42.5075,6797148,42.56,42.6875,42.3025,-0.009264654469176126,-0.01231484170781294,2018-09,0.014498806682577607
2018-08-31,42.525,7193552,42.73,42.95,42.35,0.0004116920543433267,-0.011218973434865998,2018-08,-0.012933568489123979
2018-08-30,42.7075,6477052,42.59,42.88,42.57,0.004291593180482112,-0.007379430563625666,2018-08,-0.012933568489123979
2018-08-29,42.6325,5860176,42.5025,42.715,42.475,-0.001756131826962548,-0.01892762628005984,2018-08,-0.012933568489123979
2018-08-28,42.64,6960952,42.825,42.8675,42.4288,0.00017592212513917183,-0.006176436312784084,2018-08,-0.012933568489123979
2018-08-27,42.865,5531348,43.3275,43.45,42.65,0.005276735459662341,0.008410280538728498,2018-08,-0.012933568489123979
2018-08-24,43.175,5074964,43.04,43.21,42.77,0.0072320074652978406,0.01528512639623747,2018-08,-0.012933568489123979
2018-08-23,42.9075,4972332,43.005,43.26,42.8525,-0.006195715112912503,0.0046830182052330915,2018-08,-0.012933568489123979
2018-08-22,42.9275,5132964,43.2325,43.295,42.78,0.00046611897686887893,0.006919603588811496,2018-08,-0.012933568489123979
2018-08-21,43.1575,4931480,43.6225,43.6225,43.04,0.005357870828722744,0.012136491557223295,2018-08,-0.012933568489123979
2018-08-20,43.575,4510916,43.7875,43.9025,43.47,0.009673868968313792,0.01656363000116645,2018-08,-0.012933568489123979
2018-08-17,43.7925,5126084,43.765,43.9125,43.46,0.004991394148020412,0.014302258251302824,2018-08,-0.012933568489123979
2018-08-16,43.6975,6614408,43.1425,43.7638,42.965,-0.0021693212308043774,0.018411699586319497,2018-08,-0.012933568489123979
2018-08-15,43.1925,6485464,43.075,43.48,43.005,-0.011556725213112795,0.006173198998311147,2018-08,-0.012933568489123979
2018-08-14,42.985,4366600,42.865,43.135,42.8225,-0.004804074781501466,-0.0039969877773272655,2018-08,-0.012933568489123979
2018-08-13,42.825,6452100,42.7875,43.0975,42.75,-0.003722228684424733,-0.01721170395869187,2018-08,-0.012933568489123979
2018-08-10,42.7325,4482624,42.8675,43.265,42.7,-0.0021599532983070935,-0.02420505794371175,2018-08,-0.012933568489123979
2018-08-09,42.7125,3215672,42.5425,42.755,42.3975,-0.00046802784765698213,-0.02254133531666569,2018-08,-0.012933568489123979
2018-08-08,42.52,3775924,42.525,42.735,42.2975,-0.004506877377816743,-0.015569832725588872,2018-08,-0.012933568489123979
2018-08-07,42.6575,4073588,42.745,42.745,42.3875,0.0032337723424269438,-0.007618936838432067,2018-08,-0.012933568489123979
2018-08-06,42.7525,3531256,42.665,43.0175,42.6425,0.002227040965832483,-0.0016929363689435206,2018-08,-0.012933568489123979
2018-08-03,42.7875,5184088,42.3275,42.9825,42.2125,0.0008186655751125649,0.0012870765810566454,2018-08,-0.012933568489123979
2018-08-02,42.3625,7048932,42.13,42.405,41.705,-0.00993280747881986,-0.008194322505121532,2018-08,-0.012933568489123979
2018-08-01,41.975,8429136,41.7675,42.0675,41.3625,-0.009147241074063062,-0.012817497648165643,2018-08,-0.012933568489123979
2018-07-31,41.885,6672304,41.765,41.9325,41.485,-0.0021441334127457745,-0.018109359432690653,2018-07,0.008774024113644497
2018-07-30,41.5575,5708660,41.68,41.795,41.4375,-0.007819028291751184,-0.027951581778843382,2018-07,0.008774024113644497
2018-07-27,41.745,6894780,41.965,42.12,41.5553,0.004511820970943825,-0.02436459246275202,2018-07,0.008774024113644497
2018-07-26,42.04,7826696,42.0975,42.3525,41.8425,0.007066714576596134,-0.007612865151962134,2018-07,0.008774024113644497
2018-07-25,41.9375,10608728,42.255,42.3975,41.6275,-0.0024381541389153494,-0.0008933889219774338,2018-07,0.008774024113644497
2018-07-24,42.5525,9323720,41.955,42.6138,41.555,0.014664679582712337,0.015936492777844258,2018-07,0.008774024113644497
2018-07-23,42.2075,6602436,42.5925,42.64,42.0712,-0.008107631749015853,0.01564097936593889,2018-07,0.008774024113644497
2018-07-20,42.4925,4944956,42.475,42.5575,42.0875,0.006752354439376829,0.017906336088154395,2018-07,0.008774024113644497
2018-07-19,42.5625,6447264,42.4975,42.875,42.4248,0.0016473495322704146,0.012428639391056207,2018-07,0.008774024113644497
2018-07-18,42.355,4660684,42.5225,42.58,42.2525,-0.004875183553597728,0.009955290611028289,2018-07,0.008774024113644497
2018-07-17,42.5525,5193296,42.4225,42.675,42.4075,0.004662967772400162,0.0,2018-07,0.008774024113644497
2018-07-16,42.375,5545492,42.38,42.5125,42.18,-0.004171317783913997,0.00396848901261615,2018-07,0.008774024113644497
2018-07-13,42.38,6308776,42.1675,42.405,41.975,0.0001179941002951157,-0.002647526034005976,2018-07,0.008774024113644497
2018-07-12,42.1225,7370052,42.1225,42.2875,41.845,-0.006075979235488416,-0.010337738619676906,2018-07,0.008774024113644497
2018-07-11,42.1025,5579176,41.925,42.3225,41.85,-0.0004748056264467504,-0.0059615157596505375,2018-07,0.008774024113644497
2018-07-10,41.86,7363412,41.08,42.0725,40.8787,-0.005759752983789501,-0.01627401445273491,2018-07,0.008774024113644497
2018-07-09,41.33,9353924,42.5325,42.5973,41.1825,-0.012661251791686645,-0.02466076696165198,2018-07,0.008774024113644497
2018-07-06,42.5775,6277520,42.2175,42.6625,42.1525,0.03018388579724185,0.004660217083529927,2018-07,0.008774024113644497
2018-07-05,42.135,9304436,42.1725,42.2013,41.8563,-0.010392813105513543,0.0002967535165290247,2018-07,0.008774024113644497
2018-07-03,42.14,5366336,42.2475,42.3125,41.905,0.00011866619200184836,0.0008906834511015482,2018-07,0.008774024113644497
2018-07-02,42.2525,6444260,41.91,42.305,41.7525,0.002669672520170696,0.009376493072145164,2018-07,0.008774024113644497
2018-06-29,41.7575,6784412,41.66,42.0475,41.4675,-0.011715283119342002,0.010343576094846485,2018-06,-0.02364844638687654
2018-06-28,41.7025,7838520,42.055,42.3825,41.64,-0.0013171286595222709,-0.02055076037813397,2018-06,-0.02364844638687654
2018-06-27,42.02,8824120,41.835,42.1625,41.74,0.007613452430909495,-0.0027293224160435114,2018-06,-0.02364844638687654
2018-06-26,41.6925,7905196,41.5825,42.08,41.5825,-0.007793907663017574,-0.010619364024679556,2018-06,-0.02364844638687654
2018-06-25,41.6,7016312,41.235,41.7125,41.1,-0.0022186244528392685,-0.015442873202768936,2018-06,-0.02364844638687654
2018-06-22,41.075,9184840,40.91,41.1075,40.695,-0.01262019230769229,-0.016344369274980508,2018-06,-0.02364844638687654
2018-06-21,40.8425,7012088,40.6625,41.1425,40.625,-0.005660377358490565,-0.020622264852227068,2018-06,-0.02364844638687654
2018-06-20,40.675,5251636,40.8825,40.8825,40.54,-0.004101120156699611,-0.03200856734888158,2018-06,-0.02364844638687654
2018-06-19,40.75,9902276,40.16,40.775,40.16,0.0018438844499077955,-0.022605984289740366,2018-06,-0.02364844638687654
2018-06-18,40.1025,6415436,39.905,40.1922,39.7875,-0.015889570552147236,-0.035997596153846234,2018-06,-0.02364844638687654
2018-06-15,39.885,16681828,39.645,39.9125,39.2125,-0.005423602019824281,-0.028971393791844324,2018-06,-0.02364844638687654
2018-06-14,39.705,8828564,39.29,39.79,39.0575,-0.004512974802557301,-0.027850890616392343,2018-06,-0.02364844638687654
2018-06-13,39.285,6272064,39.4075,39.6725,39.18,-0.010578012844729923,-0.0341733251382913,2018-06,-0.02364844638687654
2018-06-12,39.3525,7450752,38.85,39.3875,38.8175,0.0017182130584192379,-0.034294478527607364,2018-06,-0.02364844638687654
2018-06-11,38.85,6425696,39.255,39.2925,38.7644,-0.012769201448446621,-0.031232466803815195,2018-06,-0.02364844638687654
2018-06-08,39.2,7226900,39.1675,39.34,39.05,0.009009009009009139,-0.01717437633195429,2018-06,-0.02364844638687654
2018-06-07,39.095,7094868,39.0475,39.4125,38.865,-0.00267857142857153,-0.015363304369726771,2018-06,-0.02364844638687654
2018-06-06,39.0325,10116932,39.83,39.9975,38.945,-0.0015986699066377064,-0.006427389588901544,2018-06,-0.02364844638687654
2018-06-05,39.825,8261248,40.3475,40.355,39.7375,0.02030359315954655,0.012006861063464935,2018-06,-0.02364844638687654
2018-06-04,40.2925,7134556,40.6275,40.7725,40.1725,0.011738857501569111,0.03712998712998705,2018-06,-0.02364844638687654
2018-06-01,40.77,7782332,41.4175,41.4175,40.5052,0.011850840727182677,0.04005102040816322,2018-06,-0.02364844638687654
2018-05-31,41.4525,10634868,41.195,41.655,41.06,0.016740250183958638,0.06030182887837321,2018-05,-0.01562028828176831
2018-05-30,41.3175,8798236,40.84,41.4175,40.7625,-0.0032567396417585437,0.058540959456862884,2018-05,-0.01562028828176831
2018-05-29,40.9325,7674072,40.4125,41.1225,40.4125,-0.00931808555696756,0.02780916509730047,2018-05,-0.01562028828176831
2018-05-25,40.605,6497844,40.3025,40.7475,40.27,-0.00800097721859161,0.007755785816218941,2018-05,-0.01562028828176831
2018-05-24,40.3,6401088,40.0325,40.42,39.995,-0.007511390222878944,-0.01152808437576669,2018-05,-0.01562028828176831
2018-05-23,40.07,9008000,40.02,40.2225,39.8462,-0.005707196029776651,-0.03335142633134314,2018-05,-0.01562028828176831
2018-05-22,39.8575,6550040,40.165,40.3325,39.7925,-0.005303219366109224,-0.03533611665759062,2018-05,-0.01562028828176831
2018-05-21,40.055,8352700,39.2625,40.135,39.25,0.004955152731606294,-0.02143773285286743,2018-05,-0.01562028828176831
2018-05-18,39.1125,6245700,39.1175,39.34,38.805,-0.023530146049182465,-0.03675655707425196,2018-05,-0.01562028828176831
2018-05-17,39.105,5947568,39.385,39.455,39.0075,-0.00019175455417064224,-0.029652605459057124,2018-05,-0.01562028828176831
2018-05-16,39.2925,6008916,39.6525,39.7525,39.165,0.004794783275795966,-0.019403543798352962,2018-05,-0.01562028828176831
2018-05-15,39.7125,6076356,39.8125,39.9775,39.3875,0.010689062798243887,-0.0036379602333312944,2018-05,-0.01562028828176831
2018-05-14,40.05,4741440,40.2625,40.2825,39.8425,0.008498583569405138,-0.00012482836100369266,2018-05,-0.01562028828176831
2018-05-11,40.185,4292556,40.1825,40.3325,39.9875,0.003370786516853963,0.02742090124640484,2018-05,-0.01562028828176831
2018-05-10,40.0575,7837908,39.935,40.0675,39.625,-0.003172825681224456,0.02435749904104334,2018-05,-0.01562028828176831
2018-05-09,39.5725,8864376,40.035,40.0725,39.465,-0.012107595331710685,0.0071260418654959246,2018-05,-0.01562028828176831
2018-05-08,39.9775,8817416,40.6525,40.655,39.885,0.01023437993556131,0.006672961913755104,2018-05,-0.01562028828176831
2018-05-07,40.8375,7900496,41.07,41.085,40.7231,0.021512100556563052,0.0196629213483146,2018-05,-0.01562028828176831
2018-05-04,41.0225,6463608,40.8,41.2825,40.7675,0.004530149984695475,0.020841109866865715,2018-05,-0.01562028828176831
2018-05-03,40.765,10460228,40.7075,41.025,40.38,-0.0062770430861113224,0.017662110715846113,2018-05,-0.01562028828176831
2018-05-02,40.8625,10693904,40.865,41.04,40.7125,0.002391757635226144,0.0325983953503064,2018-05,-0.01562028828176831
2018-05-01,40.805,5028508,40.9225,40.9375,40.6925,-0.001407158152340049,0.020699143268088305,2018-05,-0.01562028828176831
2018-04-30,40.9775,9038636,41.0725,41.2375,40.95,0.0042274231099130866,0.003428221610039861,2018-04,-0.009395399914587226
2018-04-27,40.99,5681804,40.6775,41.1025,40.5795,0.00030504545177234554,-0.0007922481564994754,2018-04,-0.009395399914587226
2018-04-26,40.8025,7385164,40.21,40.9697,40.1475,-0.00457428641131985,0.0009199067827794227,2018-04,-0.009395399914587226
2018-04-25,40.0825,7904256,40.39,40.6925,39.975,-0.017645977574903493,-0.019088406240440392,2018-04,-0.009395399914587226
2018-04-24,40.5425,11651856,40.5,40.9625,39.9025,0.011476330069231988,-0.006433035167259016,2018-04,-0.009395399914587226
2018-04-23,40.2825,6570240,40.2925,40.37,40.075,-0.006413023370537063,-0.01696052711854068,2018-04,-0.009395399914587226
2018-04-20,40.1975,6915200,40.68,40.855,40.035,-0.0021100974368521985,-0.01933398389851193,2018-04,-0.009395399914587226
2018-04-19,40.635,6356040,40.67,40.78,40.265,0.010883761427949556,-0.0041051406163838955,2018-04,-0.009395399914587226
2018-04-18,40.715,4332936,40.9825,41.2875,40.6975,0.001968746154792811,0.015779953845194372,2018-04,-0.009395399914587226
2018-04-17,40.805,5316568,40.56,40.9025,40.2875,0.0022104875353063935,0.0064746870567922166,2018-04,-0.009395399914587226
2018-04-16,40.53,6586396,40.2525,40.6625,40.1801,-0.006739370175223636,0.006144107242599173,2018-04,-0.009395399914587226
2018-04-13,40.055,5483104,39.9175,40.2225,39.875,-0.011719713792252673,-0.0035449965793892257,2018-04,-0.009395399914587226
2018-04-12,39.7675,6209452,40.2575,40.4316,39.6625,-0.007177630757708164,-0.021348591116032933,2018-04,-0.009395399914587226
2018-04-11,40.26,5022412,40.325,40.435,40.0626,0.012384484818004582,-0.011175242539604668,2018-04,-0.009395399914587226
2018-04-10,40.45,7605152,40.2325,40.685,40.2325,0.004719324391455615,-0.008699914226197647,2018-04,-0.009395399914587226
2018-04-09,40.5325,7304564,40.575,40.855,40.34,0.0020395550061804713,6.168270416972987e-05,2018-04,-0.009395399914587226
2018-04-06,40.6875,5771032,40.885,41.0397,40.5575,0.003824091778202643,0.01579078766695785,2018-04,-0.009395399914587226
2018-04-05,41.0,6173812,40.5675,41.1075,40.1875,0.007680491551459223,0.030992644747595444,2018-04,-0.009395399914587226
2018-04-04,40.5825,6718192,40.425,40.675,40.1125,-0.010182926829268246,0.008010432190760142,2018-04,-0.009395399914587226
2018-04-03,40.5,9571512,40.5925,40.8,40.1825,-0.0020328959526890733,0.0012360939431395046,2018-04,-0.009395399914587226
2018-04-02,40.5925,7958380,40.985,41.1775,40.2575,0.0022839506172840363,0.0014802935915623205,2018-04,-0.009395399914587226
2018-03-29,40.8325,7818668,40.8825,41.03,40.68,0.005912422245488713,0.003563748079877138,2018-03,-0.06183799669381021
2018-03-28,40.5675,13329076,40.7875,40.8625,40.01,-0.006489928365885023,-0.010548780487804832,2018-03,-0.06183799669381021
2018-03-27,40.6475,9721544,40.4375,41.1025,40.25,0.0019720219387440174,0.0016016755990881926,2018-03,-0.06183799669381021
2018-03-26,40.3575,6941864,40.0075,40.5175,39.9712,-0.007134510117473347,-0.0035185185185184764,2018-03,-0.06183799669381021
2018-03-23,39.8725,12314416,40.495,40.895,39.7975,-0.012017592764665741,-0.01773726673646603,2018-03,-0.06183799669381021
2018-03-22,40.4725,14211424,40.0775,41.0625,39.95,0.015047965389679563,-0.008816506459315643,2018-03,-0.06183799669381021
2018-03-21,40.02,6277640,40.105,40.49,39.9175,-0.011180431156958215,-0.013496025143279744,2018-03,-0.06183799669381021
2018-03-20,40.105,6392648,40.025,40.1825,39.8775,0.002123938030984318,-0.013346454271480512,2018-03,-0.06183799669381021
2018-03-19,39.9825,9586916,40.26,40.4225,39.7,-0.0030544819847898586,-0.009291953168556022,2018-03,-0.06183799669381021
2018-03-16,40.26,31708628,39.605,40.42,39.565,0.006940536484711934,0.009718477647501222,2018-03,-0.06183799669381021
2018-03-15,39.535,9356536,39.5,39.77,39.225,-0.018007948335817203,-0.02316387670640563,2018-03,-0.06183799669381021
2018-03-14,39.5025,12253856,39.025,39.61,39.01,-0.0008220564057164204,-0.012931034482758785,2018-03,-0.06183799669381021
2018-03-13,38.6675,6514108,38.805,39.0975,38.5075,-0.02113790266438831,-0.03584341104600419,2018-03,-0.06183799669381021
2018-03-12,38.5975,7625236,38.675,38.7475,38.385,-0.001810305812374735,-0.03464015506784235,2018-03,-0.06183799669381021
2018-03-09,38.7025,6492948,38.5875,38.7225,38.32,0.002720383444523744,-0.03868604073522097,2018-03,-0.06183799669381021
2018-03-08,38.5775,6963264,38.3925,38.6688,38.2338,-0.00322976551902332,-0.02421904641456929,2018-03,-0.06183799669381021
2018-03-07,38.2625,8303976,38.185,38.4225,38.015,-0.00816538137515388,-0.03139041832795375,2018-03,-0.06183799669381021
2018-03-06,38.315,10118828,38.645,38.895,38.2125,0.0013721006207121356,-0.009116182840887,2018-03,-0.06183799669381021
2018-03-05,38.755,6860628,38.175,38.8075,38.0175,0.011483753099308602,0.004080575166785616,2018-03,-0.06183799669381021
2018-03-02,38.2125,8696808,38.3,38.645,37.835,-0.013998193781447621,-0.012660680834571503,2018-03,-0.06183799669381021
2018-03-01,38.3075,12315404,38.175,38.595,37.995,0.0024860974811906633,-0.006998898321560532,2018-03,-0.06183799669381021
2018-02-28,38.0375,10899068,38.0825,38.3775,37.94,-0.00704822815375572,-0.0058804312316237395,2018-02,0.02753861321064737
2018-02-27,37.92,8126244,38.68,38.8675,37.92,-0.00308905685179095,-0.010309278350515316,2018-02,0.02753861321064737
2018-02-26,38.6625,7737340,38.935,39.0812,38.5325,0.019580696202531556,-0.00238678880144505,2018-02,0.02753861321064737
2018-02-23,39.065,7264964,38.12,39.1625,38.095,0.010410604591011952,0.02230945371279036,2018-02,0.02753861321064737
2018-02-22,38.0775,5789612,38.1275,38.3725,37.83,-0.02527838218354017,-0.006004046205051128,2018-02,0.02753861321064737
2018-02-21,37.94,8547320,38.4525,38.7966,37.9,-0.003611056398135415,-0.0025632599408479395,2018-02,0.02753861321064737
2018-02-20,38.4525,7791988,38.895,39.0275,38.31,0.013508170795993646,0.014042721518987333,2018-02,0.02753861321064737
2018-02-16,39.0125,6537996,38.6675,39.14,38.395,0.014563422404265003,0.009052699644358286,2018-02,0.02753861321064737
2018-02-15,38.6075,8727600,37.5575,38.61,37.46,-0.01038128804870242,-0.011711250479969126,2018-02,0.02753861321064737
2018-02-14,37.52,6428320,37.52,37.8825,37.1975,-0.02816810205270992,-0.014641192305167028,2018-02,0.02753861321064737
2018-02-13,37.7675,6311520,37.445,37.955,37.0625,0.006596481876332438,-0.0045466526093832504,2018-02,0.02753861321064737
2018-02-12,37.5,8101668,37.055,37.7875,36.715,-0.0070828092937048615,-0.02477082114296858,2018-02,0.02753861321064737
2018-02-09,37.025,9090780,36.495,37.2875,36.2756,-0.012666666666666715,-0.050945209868631935,2018-02,0.02753861321064737
2018-02-08,36.3225,9583492,36.92,37.2784,36.3175,-0.018973666441593484,-0.0591853914394872,2018-02,0.02753861321064737
2018-02-07,37.0225,11472180,37.4025,37.67,36.9725,0.019271801225136054,-0.01325959488272932,2018-02,0.02753861321064737
2018-02-06,37.39,16927092,37.9575,38.34,36.7875,0.009926396110473412,-0.009995366386443272,2018-02,0.02753861321064737
2018-02-05,38.5725,14467236,39.01,39.57,38.4625,0.03162610323615933,0.02859999999999996,2018-02,0.02753861321064737
2018-02-02,38.98,9268752,38.87,39.355,38.7698,0.010564521355888257,0.05280216070222821,2018-02,0.02753861321064737
2018-02-01,39.085,8741516,39.6525,39.91,38.9175,0.002693689071318728,0.07605478697776857,2018-02,0.02753861321064737
2018-01-31,39.605,12919656,38.8075,39.695,38.655,0.01330433670205955,0.06975487878992492,2018-01,-0.021020073223077796
2018-01-30,38.775,7811360,38.875,39.12,38.5725,-0.02095694988006558,0.037041989836854805,2018-01,-0.021020073223077796
2018-01-29,38.92,10044692,39.3,39.325,38.8725,0.0037395228884591347,0.009009009009009139,2018-01,-0.021020073223077796
2018-01-26,39.4225,14336604,38.715,39.8075,38.675,0.012911099691675254,0.011351975371985734,2018-01,-0.021020073223077796
2018-01-25,38.2725,9762492,37.7075,38.3375,37.5,-0.029171158602321,-0.02078802609696817,2018-01,-0.021020073223077796
2018-01-24,37.7125,7873284,37.9825,38.0575,37.52,-0.014631915866483824,-0.04778437066027008,2018-01,-0.021020073223077796
2018-01-23,38.18,9835284,37.5,38.275,37.5,0.012396420285051502,-0.01534493874919407,2018-01,-0.021020073223077796
2018-01-22,37.505,7430800,37.615,37.825,37.4,-0.017679413305395464,-0.03635662898252823,2018-01,-0.021020073223077796
2018-01-19,37.54,8970696,37.77,37.8175,37.485,0.0009332089054792103,-0.04775191832075587,2018-01,-0.021020073223077796
2018-01-18,37.695,7942920,38.015,38.015,37.555,0.004128929142248383,-0.015089163237311354,2018-01,-0.021020073223077796
2018-01-17,37.97,9202024,37.7375,38.1875,37.645,0.007295397267542025,0.006827974809413329,2018-01,-0.021020073223077796
2018-01-16,37.635,7386732,37.61,37.77,37.2675,-0.008822754806426136,-0.014274489261393408,2018-01,-0.021020073223077796
2018-01-12,37.58,6386308,37.5325,37.8675,37.315,-0.0014614056064833347,0.001999733368883927,2018-01,-0.021020073223077796
2018-01-11,37.625,7550588,37.625,37.775,37.4425,0.001197445449707235,0.0022642514651038947,2018-01,-0.021020073223077796
2018-01-10,37.6475,7035288,37.7225,37.9025,37.54,0.0005980066445183674,-0.0012601140734845862,2018-01,-0.021020073223077796
2018-01-09,37.96,6516752,38.3875,38.3875,37.8263,0.008300683976359746,-0.00026336581511710033,2018-01,-0.021020073223077796
2018-01-08,38.24,7216360,37.9275,38.31,37.8775,0.007376185458377371,0.016075461671316793,2018-01,-0.021020073223077796
2018-01-05,37.9275,10318160,37.845,37.985,37.65,-0.008172071129707081,0.009246939861628611,2018-01,-0.021020073223077796
2018-01-04,37.755,13629312,37.8775,38.2575,37.6575,-0.004548151077714002,0.0034551495016612588,2018-01,-0.021020073223077796
2018-01-03,37.95,10995568,38.5225,38.9575,37.945,0.005164878823996855,0.008035062089116085,2018-01,-0.021020073223077796
2018-01-02,38.7725,4766556,39.1075,39.1675,38.605,0.021673254281949772,0.021404109589041154,2018-01,-0.021020073223077796
2017-12-29,39.0475,4746380,39.2125,39.32,39.0025,0.007092655877232623,0.02111663179916312,2017-12,0.008195146936423594
2017-12-28,39.0875,3426900,38.8,39.105,38.7875,0.001024393367052845,0.030584668116801605,2017-12,0.008195146936423594
2017-12-27,38.8225,4305292,38.6575,38.8375,38.53,-0.006779661016949157,0.028274400741623573,2017-12,0.008195146936423594
2017-12-26,38.5,2880844,38.675,38.8375,38.4975,-0.00830703844420111,0.014492753623188248,2017-12,0.008195146936423594
2017-12-22,38.635,4315068,38.7275,38.8425,38.575,0.0035064935064934577,-0.0035463279386163116,2017-12,0.008195146936423594
2017-12-21,38.62,7139928,38.4575,38.8175,38.17,-0.0003882489970233882,-0.010948204110378446,2017-12,0.008195146936423594
2017-12-20,38.41,8841952,38.525,38.835,38.3725,-0.005437597099948288,-0.01733290693955869,2017-12,0.008195146936423594
2017-12-19,38.525,6259428,39.125,39.2475,38.51,0.0029940119760478723,-0.007663081975658459,2017-12,0.008195146936423594
2017-12-18,39.0875,7763112,39.655,39.7912,39.0275,0.014600908500973286,0.015259740259740306,2017-12,0.008195146936423594
2017-12-15,39.6075,13972036,39.67,39.76,39.3075,0.013303485769107892,0.02517147664035213,2017-12,0.008195146936423594
2017-12-14,39.495,8902920,39.1825,39.81,38.8925,-0.0028403711418293343,0.022656654583117497,2017-12,0.008195146936423594
2017-12-13,39.1175,14156632,39.4075,39.51,38.95,-0.009558171920496239,0.01841968237438185,2017-12,0.008195146936423594
2017-12-12,39.2675,7954932,39.71,39.85,39.205,0.0038346008819580835,0.019273199221284898,2017-12,0.008195146936423594
2017-12-11,39.8125,6435532,39.76,39.8375,39.36,0.013879162157000025,0.018548129197313745,2017-12,0.008195146936423594
2017-12-08,39.7575,5247400,39.4475,39.7575,39.3475,-0.0013814756671899353,0.0037871615224389643,2017-12,0.008195146936423594
2017-12-07,39.545,5808424,39.3375,39.545,39.2525,-0.0053449034773312976,0.0012659830358274782,2017-12,0.008195146936423594
2017-12-06,39.445,7934788,39.13,39.5925,38.9475,-0.002528764698444874,0.008372211925608664,2017-12,0.008195146936423594
2017-12-05,38.91,6802072,39.1075,39.2075,38.6125,-0.013563189250855756,-0.009104221047940397,2017-12,0.008195146936423594
2017-12-04,38.9925,5592000,39.4125,39.49,38.88,0.0021202775636084414,-0.020596546310832076,2017-12,0.008195146936423594
2017-12-01,39.3675,5501700,39.5975,39.7975,39.1075,0.0096172340834777,-0.009809469911337465,2017-12,0.008195146936423594
2017-11-30,39.51,13607260,39.5225,39.72,39.3425,0.003619737092779518,-0.0008850676444557282,2017-11,-0.029486206023791425
2017-11-29,39.4425,8345900,39.325,39.5725,39.125,-0.0017084282460135825,-6.337938902267748e-05,2017-11,-0.029486206023791425
2017-11-28,39.4475,4949084,39.375,39.5988,39.2675,0.0001267668124482757,0.013813929581084627,2017-11,-0.029486206023791425
2017-11-27,39.25,5924868,39.0625,39.39,38.9775,-0.005006654414094647,0.006603834070654679,2017-11,-0.029486206023791425
2017-11-24,39.0075,2544508,38.9,39.1,38.87,-0.006178343949044596,-0.009144598971232654,2017-11,-0.029486206023791425
2017-11-22,38.795,7773684,38.8075,38.9875,38.64,-0.005447670319810305,-0.018096684383700268,2017-11,-0.029486206023791425
2017-11-21,39.0525,5325276,39.1225,39.2225,38.94,0.0066374532800619335,-0.009887811370983046,2017-11,-0.029486206023791425
2017-11-20,38.98,5789620,39.0525,39.1675,38.8275,-0.0018564752576660792,-0.011851194625768446,2017-11,-0.029486206023791425
2017-11-17,39.01,4311916,39.25,39.3212,38.9729,0.000769625448948208,-0.00611464968152875,2017-11,-0.029486206023791425
2017-11-16,39.3225,5450852,39.35,39.4275,39.0875,0.008010766470135877,0.008075370121130465,2017-11,-0.029486206023791425
2017-11-15,39.34,5308128,39.7125,39.82,39.2575,0.00044503782821547766,0.014048202087898032,2017-11,-0.029486206023791425
2017-11-14,39.6,6055000,39.1275,39.6375,39.0625,0.0066090493136756745,0.014019589014787837,2017-11,-0.029486206023791425
2017-11-13,39.195,4000008,38.835,39.25,38.71,-0.010227272727272751,0.005515649050795268,2017-11,-0.029486206023791425
2017-11-10,38.79,5143296,38.645,38.855,38.4625,-0.010332950631458115,-0.00563957959497563,2017-11,-0.029486206023791425
2017-11-09,38.8125,4779520,38.585,38.9025,38.5251,0.000580046403712231,-0.012969673850848684,2017-11,-0.029486206023791425
2017-11-08,38.73,7970968,38.7475,38.935,38.4775,-0.002125603864734371,-0.015505846466700723,2017-11,-0.029486206023791425
2017-11-07,38.8725,7872144,38.0825,38.955,37.98,0.0036793183578622823,-0.018371212121212066,2017-11,-0.029486206023791425
2017-11-06,37.965,5631520,38.225,38.2825,37.9125,-0.02334555276866679,-0.03138155376961338,2017-11,-0.029486206023791425
2017-11-03,38.1625,12340204,37.435,38.2875,37.375,0.005202159884103663,-0.016176849703531726,2017-11,-0.029486206023791425
2017-11-02,37.465,15917136,38.3725,38.6875,37.0925,-0.018277104487389395,-0.034718196457326767,2017-11,-0.029486206023791425
2017-11-01,38.345,5747592,38.9175,38.93,38.2725,0.02348858935006004,-0.009940614510715151,2017-11,-0.029486206023791425
2017-10-31,38.7675,5310608,38.7725,38.89,38.5775,0.011018385708697398,-0.00270113833687069,2017-10,-0.053717675888308405
2017-10-30,38.84,5415896,38.8275,39.0475,38.7225,0.0018701231701814258,0.023047543790333247,2017-10,-0.053717675888308405
2017-10-27,38.96,5807344,38.3475,39.2,38.345,0.003089598352214118,0.02089747789059948,2017-10,-0.053717675888308405
2017-10-26,38.3475,5893912,38.7,39.0,38.34,-0.015721252566735178,0.023555318297077132,2017-10,-0.053717675888308405
2017-10-25,38.465,7499000,38.485,38.5475,37.84,0.003064085012060902,0.0031294823314644837,2017-10,-0.053717675888308405
2017-10-24,38.555,5680212,38.53,38.6,38.2975,0.0023397894189522983,-0.005481395498806996,2017-10,-0.053717675888308405
2017-10-23,38.595,4873144,38.495,38.675,38.3325,0.001037478926209312,-0.00630792996910412,2017-10,-0.053717675888308405
2017-10-20,38.54,5750948,38.435,38.56,38.245,-0.0014250550589454125,-0.010780287474332684,2017-10,-0.053717675888308405
2017-10-19,38.4675,5090196,38.1675,38.4875,38.05,-0.0018811624286455553,0.0031292783101897204,2017-10,-0.053717675888308405
2017-10-18,38.135,4298644,38.0575,38.195,37.9175,-0.008643660232664052,-0.008579227869491834,2017-10,-0.053717675888308405
2017-10-17,38.1675,5163936,37.875,38.215,37.7575,0.0008522354792186437,-0.01005057709765278,2017-10,-0.053717675888308405
2017-10-16,37.88,5377512,37.81,37.95,37.475,-0.007532586624745985,-0.018525715766290918,2017-10,-0.053717675888308405
2017-10-13,37.6375,4461780,37.8475,38.0675,37.61,-0.006401795142555455,-0.02341722885313946,2017-10,-0.053717675888308405
2017-10-12,37.675,5310468,37.5275,37.735,37.349,0.0009963467286613348,-0.020601806719958482,2017-10,-0.053717675888308405
2017-10-11,37.4675,5319416,37.1575,37.6875,37.1575,-0.005507631055076234,-0.01750360561164277,2017-10,-0.053717675888308405
2017-10-10,37.2575,3511864,36.975,37.2837,36.86,-0.005604857543204167,-0.023842274186153034,2017-10,-0.053717675888308405
2017-10-09,36.975,4397856,36.99,37.0975,36.9225,-0.007582365966583904,-0.02389123548046468,2017-10,-0.053717675888308405
2017-10-06,36.8675,5112112,36.8,36.9175,36.5675,-0.0029073698444895824,-0.020458319495184396,2017-10,-0.053717675888308405
2017-10-05,36.94,6817584,37.135,37.1425,36.765,0.0019665016613548136,-0.019508958195089576,2017-10,-0.053717675888308405
2017-10-04,37.1425,4390236,36.75,37.1525,36.65,0.005481862479696842,-0.00867418429305411,2017-10,-0.053717675888308405
2017-10-03,36.7225,4010112,36.5925,36.7425,36.405,-0.011307801036548493,-0.014359524927866962,2017-10,-0.053717675888308405
2017-10-02,36.685,4574716,36.8425,36.92,36.5887,-0.0010211723058068944,-0.007843137254901933,2017-10,-0.053717675888308405
2017-09-29,36.6375,5246180,36.7375,36.8088,36.5825,-0.0012948071418835694,-0.00623855699464293,2017-09,0.024633230979187886
2017-09-28,36.7475,5398588,36.3725,36.845,36.175,0.0030023882633913868,-0.005211153221440057,2017-09,0.024633230979187886
2017-09-27,36.5625,6819888,36.7125,36.85,36.4275,-0.005034356078644886,-0.0156155347647573,2017-09,0.024633230979187886
2017-09-26,36.925,5331268,36.7275,37.0588,36.7275,0.00991452991452979,0.005514330451358074,2017-09,0.024633230979187886
2017-09-25,36.705,6024988,36.5525,36.8275,36.4575,-0.005958023019634329,0.0005451819544772807,2017-09,0.024633230979187886
2017-09-22,36.59,4904032,36.76,36.815,36.55,-0.0031330881351313566,-0.0012964858410098312,2017-09,0.024633230979187886
2017-09-21,36.695,5415448,36.685,36.9581,36.6175,0.002869636512708329,-0.0014286686169128204,2017-09,0.024633230979187886
2017-09-20,36.685,5489728,37.1025,37.1525,36.475,-0.0002725166916472954,0.003350427350427454,2017-09,0.024633230979187886
2017-09-19,36.98,7018424,37.115,37.2325,36.93,0.008041433828540168,0.0014895057549086932,2017-09,0.024633230979187886
2017-09-18,37.075,6556840,37.5,37.5,36.845,0.002568956192536609,0.010080370521727389,2017-09,0.024633230979187886
2017-09-15,37.5225,9063484,37.5275,37.595,37.3,0.012070128118678358,0.025485105220005355,2017-09,0.024633230979187886
2017-09-14,37.3875,4587808,37.0,37.455,36.9125,-0.003597841295222781,0.018871780896579926,2017-09,0.024633230979187886
2017-09-13,37.045,5824284,37.2625,37.2975,37.0125,-0.009160815780675402,0.009813275180591496,2017-09,0.024633230979187886
2017-09-12,37.2825,7719668,37.77,37.8375,36.9825,0.006411121608854042,0.008180097349918869,2017-09,0.024633230979187886
2017-09-11,37.85,9117800,37.065,37.9,37.0025,0.015221618721920516,0.02090357383681729,2017-09,0.024633230979187886
2017-09-08,37.065,11785412,37.3025,37.37,36.765,-0.02073976221928675,-0.012192684389366493,2017-09,0.024633230979187886
2017-09-07,37.3725,7741196,37.1125,37.725,37.11,0.00829623634156218,-0.0004012036108325123,2017-09,0.024633230979187886
2017-09-06,37.0625,9125856,37.65,37.6775,37.0625,-0.008294869222021606,0.00047239843433666273,2017-09,0.024633230979187886
2017-09-05,37.565,4300688,37.545,37.6125,37.325,0.013558178752107963,0.00757728156641857,2017-09,0.024633230979187886
2017-09-01,37.54,4287048,37.75,37.825,37.415,-0.0006655131106082512,-0.008190224570673754,2017-09,0.024633230979187886
2017-08-31,37.6275,6826060,37.75,37.755,37.5513,0.0023308470964304995,0.01517604208822343,2017-08,-0.026177662613779802
2017-08-30,37.655,4246176,37.605,37.71,37.5425,0.0007308484486081568,0.007559034049100299,2017-08,-0.026177662613779802
2017-08-29,37.68,5597004,37.7575,37.82,37.535,0.0006639224538573796,0.016661045531197294,2017-08,-0.026177662613779802
2017-08-28,37.72,3499740,37.575,37.725,37.5087,0.0010615711252652815,0.0041261812857713576,2017-08,-0.026177662613779802
2017-08-25,37.525,5036428,37.415,37.6125,37.25,-0.00516967126193002,-0.00039957378795951737,2017-08,-0.026177662613779802
2017-08-24,37.3275,5164448,37.5,37.5011,37.235,-0.0052631578947367474,-0.007972892166633327,2017-08,-0.026177662613779802
2017-08-23,37.41,5794480,37.4075,37.5875,37.1875,0.0022101667671285963,-0.006506440047802542,2017-08,-0.026177662613779802
2017-08-22,37.71,5402352,37.6425,37.7975,37.505,0.008019246190858142,0.0007961783439491832,2017-08,-0.026177662613779802
2017-08-21,37.6125,3897920,37.5,37.71,37.42,-0.002585521081941211,-0.0028499469777306663,2017-08,-0.026177662613779802
2017-08-18,37.4825,5723564,37.125,37.65,37.0125,-0.0034562977733465505,-0.0011325782811457685,2017-08,-0.026177662613779802
2017-08-17,37.1525,5317700,37.3575,37.58,37.085,-0.00880410858400582,-0.00468823253633377,2017-08,-0.026177662613779802
2017-08-16,37.495,5415172,37.2475,37.545,37.1962,0.009218760514097202,0.002272119754076485,2017-08,-0.026177662613779802
2017-08-15,37.2625,4777080,36.8725,37.335,36.8725,-0.006200826776903479,-0.011866878811986115,2017-08,-0.026177662613779802
2017-08-14,37.015,3907876,36.9025,37.0925,36.845,-0.006642066420664228,-0.01588567630441995,2017-08,-0.026177662613779802
2017-08-11,36.795,5085916,36.91,37.0125,36.6625,-0.005943536404160454,-0.018341892883345534,2017-08,-0.026177662613779802
2017-08-10,36.93,5366328,36.7175,37.075,36.705,0.003668976763147036,-0.005988829823026842,2017-08,-0.026177662613779802
2017-08-09,36.81,11041940,36.97,37.0475,36.7375,-0.0032493907392363575,-0.01826910254700609,2017-08,-0.026177662613779802
2017-08-08,36.8375,4752684,36.75,36.896,36.675,0.0007470795979351852,-0.011405568601140725,2017-08,-0.026177662613779802
2017-08-07,36.7725,4819388,36.7075,36.8725,36.6225,-0.001764506277570299,-0.0065513980818586726,2017-08,-0.026177662613779802
2017-08-04,36.6875,5915792,36.7375,36.8325,36.52,-0.0023115099598884914,-0.0029215926076913146,2017-08,-0.026177662613779802
2017-08-03,36.885,5674424,36.6375,36.96,36.585,0.005383304940374645,-0.0012185215272136896,2017-08,-0.026177662613779802
2017-08-02,36.685,6687396,36.54,36.745,36.345,-0.005422258370611277,-0.0033958163542515685,2017-08,-0.026177662613779802
2017-08-01,36.6425,6039768,36.47,36.805,36.4588,-0.0011585116532644157,-0.00529351883271123,2017-08,-0.026177662613779802
2017-07-31,36.5225,6780568,36.3325,36.72,36.315,-0.00327488572013368,-0.006798558705554458,2017-07,-0.044287767814361
2017-07-28,36.28,4625152,36.15,36.44,36.1125,-0.006639742624409584,-0.011107325383304945,2017-07,-0.044287767814361
2017-07-27,36.1625,5680008,36.2375,36.3375,35.99,-0.0032386990077177824,-0.019587908363833395,2017-07,-0.044287767814361
2017-07-26,36.3725,7041564,35.655,36.395,35.5725,0.0058071206360179595,-0.008518468038707927,2017-07,-0.044287767814361
2017-07-25,35.7775,5400976,35.8425,35.8625,35.53,-0.016358512612550613,-0.0236064678992971,2017-07,-0.044287767814361
2017-07-24,35.7875,8382416,36.1025,36.1025,35.78,0.00027950527566211747,-0.020124580737901243,2017-07,-0.044287767814361
2017-07-21,36.0925,5413660,35.79,36.1075,35.6425,0.00852252881592741,-0.005168136714443272,2017-07,-0.044287767814361
2017-07-20,35.87,6225800,35.58,35.9663,35.5,-0.006164715661148512,-0.008088489457310888,2017-07,-0.044287767814361
2017-07-19,35.45,3773640,35.485,35.515,35.3325,-0.011708948982436462,-0.025362567874080644,2017-07,-0.044287767814361
2017-07-18,35.3725,5471432,35.3175,35.53,35.2475,-0.002186177715091664,-0.011319963664314203,2017-07,-0.044287767814361
2017-07-17,35.2425,11235940,35.3525,35.4325,35.1875,-0.003675171390204346,-0.015228780998952196,2017-07,-0.044287767814361
2017-07-14,35.415,5052948,35.4125,35.5325,35.33,0.004894658437965438,-0.01877121285585659,2017-07,-0.044287767814361
2017-07-13,35.145,5557028,35.305,35.3325,35.0475,-0.007623888182973215,-0.020211876219682012,2017-07,-0.044287767814361
2017-07-12,35.195,6771448,35.465,35.56,35.165,0.0014226774790153662,-0.007193229901269471,2017-07,-0.044287767814361
2017-07-11,35.1875,7596636,35.38,35.38,34.8825,-0.0002130984514845391,-0.005230051593752227,2017-07,-0.044287767814361
2017-07-10,35.2575,6750404,35.1575,35.4525,35.0677,0.0019893428063944008,0.0004256224728664826,2017-07,-0.044287767814361
2017-07-07,35.12,5347600,34.915,35.29,34.845,-0.003899879458271416,-0.008329803755470877,2017-07,-0.044287767814361
2017-07-06,34.8925,6964508,34.635,34.9525,34.5,-0.006477790432801833,-0.0071845212690284654,2017-07,-0.044287767814361
2017-07-05,34.705,7705792,34.895,34.9475,34.5625,-0.005373647632012646,-0.013922432163659626,2017-07,-0.044287767814361
2017-07-03,34.905,4121116,35.2125,35.45,34.905,0.005762858377755364,-0.008028419182948499,2017-07,-0.044287767814361
2017-06-30,35.0325,8531568,35.0575,35.405,35.0175,0.00365277180919632,-0.0063816209317166805,2017-06,0.012631128238064728
2017-06-29,34.9925,11583004,35.0475,35.095,34.74,-0.0011417969028758579,-0.0036304100227789737,2017-06,0.012631128238064728
2017-06-28,35.255,8363564,35.73,35.8075,35.1875,0.007501607487318873,0.010389052088557893,2017-06,0.012631128238064728
2017-06-27,35.5675,9663316,35.8925,36.0875,35.505,0.00886399092327328,0.02485232675407012,2017-06,0.012631128238064728
2017-06-26,36.0575,7911256,35.8475,36.2175,35.78,0.013776621916074872,0.03301819223606928,2017-06,0.012631128238064728
2017-06-23,35.785,11007452,35.3975,36.0825,35.3425,-0.00755737363932607,0.02148005423535282,2017-06,0.012631128238064728
2017-06-22,35.3975,7685620,35.2225,35.5525,35.17,-0.010828559452284336,0.011573908694720414,2017-06,0.012631128238064728
2017-06-21,35.265,6519452,35.53,35.59,35.105,-0.003743202203545404,0.00028364770954469876,2017-06,0.012631128238064728
2017-06-20,35.49,8612920,35.61,35.7075,35.48,0.0063802637175669474,-0.002178955507134317,2017-06,0.012631128238064728
2017-06-19,35.5975,9268148,35.7625,35.7975,35.5325,0.003029022259791292,-0.012757401372807342,2017-06,0.012631128238064728
2017-06-16,35.71,10408868,35.5475,35.7925,35.48,0.003160334293138778,-0.0020958502165711046,2017-06,0.012631128238064728
2017-06-15,35.4675,11065568,35.3025,35.5275,35.165,-0.006790814897787767,0.0019775407867788086,2017-06,0.012631128238064728
2017-06-14,35.2875,5691132,35.2875,35.5475,35.15,-0.0050750687248889426,0.0006380263717566947,2017-06,0.012631128238064728
2017-06-13,34.9875,6944848,34.855,35.0875,34.74,-0.008501594048884287,-0.014158918005071963,2017-06,0.012631128238064728
2017-06-12,34.855,8946256,35.1475,35.215,34.5375,-0.003787066809574857,-0.02085820633471447,2017-06,0.012631128238064728
2017-06-09,35.06,7173028,35.275,35.435,34.9875,0.005881509109166627,-0.0182021842621114,2017-06,0.012631128238064728
2017-06-08,35.3625,6747316,35.645,35.645,35.1575,0.008628066172275961,-0.0029604567561853923,2017-06,0.012631128238064728
2017-06-07,35.645,5715024,35.4825,35.745,35.36,0.007988688582538206,0.010131066241586995,2017-06,0.012631128238064728
2017-06-06,35.48,8223784,35.6275,35.66,35.43,-0.004628980221630163,0.014076455877098937,2017-06,0.012631128238064728
2017-06-05,35.4625,4325672,35.6,35.66,35.4475,-0.00049323562570458,0.01742935016496916,2017-06,0.012631128238064728
2017-06-02,35.6775,7339492,35.6925,35.7325,35.4325,0.006062742333450943,0.017612664004563516,2017-06,0.012631128238064728
2017-06-01,35.475,6446368,35.3375,35.475,35.18,-0.005675846121505179,0.0031813361611878754,2017-06,0.012631128238064728
2017-05-31,35.36,13282228,35.18,35.4575,35.18,-0.0032417195207893323,-0.007995511291906454,2017-05,-0.05938914027149325
2017-05-30,35.1625,11000520,35.1325,35.2625,35.06,-0.005585407239818929,-0.008948703494926602,2017-05,-0.05938914027149325
2017-05-26,35.1775,4430032,35.1975,35.265,35.0913,0.00042659082829721306,-0.008036658442016065,2017-05,-0.05938914027149325
2017-05-25,35.175,4765256,34.9325,35.2175,34.81,-7.106815436019875e-05,-0.014084507042253613,2017-05,-0.05938914027149325
2017-05-24,35.0375,6256492,34.795,35.1075,34.755,-0.0039090262970858936,-0.01233262861169837,2017-05,-0.05938914027149325
2017-05-23,34.74,7788684,34.63,35.015,34.595,-0.00849090260435248,-0.017533936651583648,2017-05,-0.05938914027149325
2017-05-22,34.5875,8549488,34.34,34.645,34.25,-0.00438975244674733,-0.016352648418059057,2017-05,-0.05938914027149325
2017-05-19,34.3225,6914860,34.2575,34.4,33.9,-0.007661727502710547,-0.024305308791130797,2017-05,-0.05938914027149325
2017-05-18,34.235,8878000,34.1575,34.4325,33.9293,-0.002549348095272741,-0.026723525230987866,2017-05,-0.05938914027149325
2017-05-17,34.1125,7484704,34.03,34.2925,34.025,-0.003578209434789037,-0.026400285408491042,2017-05,-0.05938914027149325
2017-05-16,33.975,5438044,34.0325,34.2025,33.9475,-0.004030780505679621,-0.022020725388601003,2017-05,-0.05938914027149325
2017-05-15,34.0325,7688456,33.81,34.16,33.7625,0.001692420897718927,-0.016046259486808823,2017-05,-0.05938914027149325
2017-05-12,33.8875,5678920,33.6825,33.9575,33.665,-0.004260633218247101,-0.012673901959355915,2017-05,-0.05938914027149325
2017-05-11,33.66,3581368,33.52,33.665,33.3975,-0.0067133898930286096,-0.01679567693880535,2017-05,-0.05938914027149325
2017-05-10,33.5425,7498908,33.455,33.615,33.355,-0.0034907902554961456,-0.01670941736899967,2017-05,-0.05938914027149325
2017-05-09,33.4425,6189884,33.61,33.7325,33.3725,-0.0029812923902510224,-0.01567328918322297,2017-05,-0.05938914027149325
2017-05-08,33.7375,5804772,33.625,33.79,33.5425,0.00882111086192694,-0.008668184823330649,2017-05,-0.05938914027149325
2017-05-05,33.5825,7312356,33.695,33.8025,33.5574,-0.0045942941830305895,-0.009000368867576491,2017-05,-0.05938914027149325
2017-05-04,33.585,7013172,33.2775,33.625,33.275,7.444353457897179e-05,-0.002228163992869736,2017-05,-0.05938914027149325
2017-05-03,33.34,6576744,33.465,33.5625,33.2925,-0.007294923328866942,-0.006037117090258448,2017-05,-0.05938914027149325
2017-05-02,33.505,6858836,33.31,33.51,33.2675,0.004949010197960346,0.0018688794198997716,2017-05,-0.05938914027149325
2017-05-01,33.26,7204240,33.535,33.58,33.195,-0.007312341441575998,-0.014153390144497902,2017-05,-0.05938914027149325
2017-04-28,33.39,6652636,33.3375,33.53,33.2675,0.003908598917618855,-0.005732152162584714,2017-04,-0.036238394728960795
2017-04-27,33.38,5624144,33.165,33.55,33.1575,-0.0002994908655284956,-0.006103915438439689,2017-04,-0.036238394728960795
2017-04-26,33.2075,5967096,33.25,33.4575,33.1625,-0.005167765128819668,-0.00397420515896818,2017-04,-0.036238394728960795
2017-04-25,33.23,5167340,33.1525,33.25,32.965,0.0006775577806217292,-0.008207730189524143,2017-04,-0.036238394728960795
2017-04-24,33.1875,8935844,33.155,33.2775,32.8575,-0.0012789647908515445,-0.002179795550210417,2017-04,-0.036238394728960795
2017-04-21,33.255,10480648,32.815,33.5825,32.815,0.0020338983050847137,-0.0040431266846360225,2017-04,-0.036238394728960795
2017-04-20,32.7175,8054648,32.77,32.86,32.305,-0.016162983010073684,-0.01984721390053934,2017-04,-0.036238394728960795
2017-04-19,32.875,8320032,32.9825,32.9975,32.715,0.004813937495224296,-0.010012798313634108,2017-04,-0.036238394728960795
2017-04-18,32.985,7822400,32.725,33.0175,32.6125,0.0033460076045628284,-0.007372855853144622,2017-04,-0.036238394728960795
2017-04-17,32.7275,4508232,32.6675,32.8175,32.6176,-0.007806578747915682,-0.013860640301318283,2017-04,-0.036238394728960795
2017-04-13,32.6925,7746504,32.5225,32.875,32.503,-0.0010694370177983803,-0.01691474966170503,2017-04,-0.036238394728960795
2017-04-12,32.6275,5874924,32.1525,32.635,32.125,-0.0019882235986848906,-0.002750821425842598,2017-04,-0.036238394728960795
2017-04-11,32.33,4214200,32.2825,32.3925,32.0775,-0.009118075243276347,-0.016577946768060903,2017-04,-0.036238394728960795
2017-04-10,32.3575,4207308,32.2375,32.41,32.1425,0.0008506031549644355,-0.019023798696377048,2017-04,-0.036238394728960795
2017-04-07,32.2325,7067332,32.5075,32.5875,32.1925,-0.0038630920188519324,-0.015124894966007107,2017-04,-0.036238394728960795
2017-04-06,32.44,6117872,32.515,32.6121,32.3488,0.006437601799425874,-0.007723483979506174,2017-04,-0.036238394728960795
2017-04-05,32.66,7144636,32.3525,32.71,32.25,0.00678175092478428,0.0009960922534670846,2017-04,-0.036238394728960795
2017-04-04,32.385,5439760,32.2325,32.48,32.1025,-0.00842008573178199,0.001701206309928871,2017-04,-0.036238394728960795
2017-04-03,32.18,6970148,32.125,32.1925,31.7725,-0.00633009109155469,-0.005485590666769791,2017-04,-0.036238394728960795
2017-03-31,32.0925,9346148,32.015,32.32,31.9537,-0.0027190801740211157,-0.004343442177926038,2017-03,0.008101581366362794
2017-03-30,32.0325,13592288,32.51,32.645,31.945,-0.001869595699929949,-0.012561652281134372,2017-03,0.008101581366362794
2017-03-29,32.6375,4426788,32.6375,32.7575,32.555,0.018887067821743653,-0.0006889161053273973,2017-03,0.008101581366362794
2017-03-28,32.815,5511096,32.6875,32.89,32.6275,0.005438529299119033,0.013277752045700142,2017-03,0.008101581366362794
2017-03-27,32.775,8160312,33.2625,33.2762,32.66,-0.0012189547463050676,0.018489745183343675,2017-03,0.008101581366362794
2017-03-24,33.2,5727936,32.9925,33.32,32.93,0.012967200610221274,0.03450962062787255,2017-03,0.008101581366362794
2017-03-23,33.0225,6200924,33.1225,33.28,32.9425,-0.005346385542168708,0.030906110981034907,2017-03,0.008101581366362794
2017-03-22,33.1025,5531992,33.0025,33.3,32.945,0.002422590657884749,0.014247414783607804,2017-03,0.008101581366362794
2017-03-21,32.9625,9537600,32.555,33.085,32.3975,-0.004229287818140692,0.004494895626999895,2017-03,0.008101581366362794
2017-03-20,32.4725,7566784,32.68,32.795,32.385,-0.014865377322715312,-0.009229595728451612,2017-03,0.008101581366362794
2017-03-17,32.5575,18648388,32.53,32.945,32.5225,0.00261759950727547,-0.019352409638554335,2017-03,0.008101581366362794
2017-03-16,32.475,10442676,32.9025,32.9425,32.395,-0.0025339783460031073,-0.01657960481489895,2017-03,0.008101581366362794
2017-03-15,32.975,8121140,32.71,33.1563,32.5925,0.015396458814472602,-0.0038516728343780393,2017-03,0.008101581366362794
2017-03-14,32.6425,5369724,32.5825,32.7425,32.5075,-0.010083396512509557,-0.009708001516875231,2017-03,0.008101581366362794
2017-03-13,32.615,5837260,32.5225,32.6675,32.3625,-0.0008424599831506896,0.004388328585726464,2017-03,0.008101581366362794
2017-03-10,32.515,5924864,32.45,32.5425,32.2525,-0.003066073892380894,-0.0013053827843045873,2017-03,0.008101581366362794
2017-03-09,32.1875,5044268,32.415,32.545,32.1775,-0.010072274334922415,-0.00885296381832179,2017-03,0.008101581366362794
2017-03-08,32.36,6330196,32.3925,32.53,32.22,0.005359223300970939,-0.018650492797574025,2017-03,0.008101581366362794
2017-03-07,32.6625,7964576,32.5925,32.78,32.5588,0.009347960444993975,0.0006126981695642186,2017-03,0.008101581366362794
2017-03-06,32.66,8208200,32.625,32.7475,32.44,-7.654037504800648e-05,0.001379733251571258,2017-03,0.008101581366362794
2017-03-03,32.7,5288340,32.675,32.75,32.4525,0.0012247397428049034,0.00568968168537598,2017-03,0.008101581366362794
2017-03-02,32.735,6114528,32.3275,32.91,32.25,0.0010703363914372765,0.017009708737864004,2017-03,0.008101581366362794
2017-03-01,32.3525,9071992,32.39,32.5644,32.1525,-0.01168474110279516,-0.00023176761433874038,2017-03,0.008101581366362794
2017-02-28,32.75,8994320,32.49,32.87,32.3875,0.012286531179970694,0.0026789131266742316,2017-02,-0.06396946564885493
2017-02-27,32.4675,7332956,32.7675,32.7675,32.295,-0.008625954198473229,-0.0058940600122472375,2017-02,-0.06396946564885493
2017-02-24,32.74,10271772,32.2125,32.74,32.125,0.008393008393008383,0.0012232415902140303,2017-02,-0.06396946564885493
2017-02-23,32.2925,7606364,32.1875,32.4125,32.05,-0.013668295662797925,-0.013517641667939562,2017-02,-0.06396946564885493
2017-02-22,32.11,8544256,31.995,32.17,31.86,-0.0056514670589145055,-0.00749555675759217,2017-02,-0.06396946564885493
2017-02-21,32.065,6306632,31.605,32.1225,31.5,-0.0014014325755217216,-0.020916030534351204,2017-02,-0.06396946564885493
2017-02-17,31.715,9354416,31.6725,31.7425,31.49,-0.010915328239513467,-0.023177023177023193,2017-02,-0.06396946564885493
2017-02-16,31.5475,4989968,31.375,31.5525,31.3109,-0.005281412580797729,-0.036423335369578536,2017-02,-0.06396946564885493
2017-02-15,31.3225,7062156,31.2625,31.4875,31.14,-0.0071321023852919385,-0.030037934504915875,2017-02,-0.06396946564885493
2017-02-14,31.5,6451012,31.255,31.5225,31.13,0.005666852901269115,-0.01899719713484893,2017-02,-0.06396946564885493
2017-02-13,31.5,3544452,31.375,31.53,31.285,0.0,-0.017620458443786013,2017-02,-0.06396946564885493
2017-02-10,31.3675,4823828,31.125,31.3875,31.0625,-0.004206349206349214,-0.010956960428819218,2017-02,-0.06396946564885493
2017-02-09,31.1625,6425800,31.425,31.5408,31.045,-0.006535426795249766,-0.012203819637055191,2017-02,-0.06396946564885493
2017-02-08,31.575,8594420,31.06,31.605,31.06,0.013237063778579916,0.00806129778912923,2017-02,-0.06396946564885493
2017-02-07,31.0825,6258892,31.0175,31.16,30.935,-0.015597783056215397,-0.013253968253968296,2017-02,-0.06396946564885493
2017-02-06,30.965,4192608,31.1,31.2063,30.8825,-0.0037802622054210477,-0.01698412698412699,2017-02,-0.06396946564885493
2017-02-03,31.0525,8227232,30.975,31.2213,30.8875,0.0028257710318100315,-0.01004224117318886,2017-02,-0.06396946564885493
2017-02-02,30.865,5004968,30.74,30.88,30.53,-0.006038161178649082,-0.009546730846369922,2017-02,-0.06396946564885493
2017-02-01,30.655,8220460,30.68,30.9075,30.5225,-0.006803823100599349,-0.02913697545526517,2017-02,-0.06396946564885493
2017-01-31,30.93,8781240,30.61,31.0775,30.54,0.00897080411025919,-0.004906297755971956,2017-01,-0.0404138376980278
2017-01-30,30.6125,11280128,30.4175,30.905,30.385,-0.010265114775299011,-0.011383820442435022,2017-01,-0.0404138376980278
2017-01-27,30.3425,12540400,29.99,30.46,29.8313,-0.008819926500612474,-0.02286450366315107,2017-01,-0.0404138376980278
2017-01-26,29.6875,5509596,29.675,29.8225,29.4775,-0.02158688308478207,-0.03815000809978941,2017-01,-0.0404138376980278
2017-01-25,29.755,6880480,29.56,29.7725,29.5275,0.0022736842105262056,-0.02935899526993968,2017-01,-0.0404138376980278
2017-01-24,29.7025,4848528,29.685,29.815,29.5925,-0.00176440934296751,-0.039686388619463275,2017-01,-0.0404138376980278
2017-01-23,29.695,9114712,29.8825,29.9809,29.665,-0.00025250399797993595,-0.02997141690485916,2017-01,-0.0404138376980278
2017-01-20,29.815,4985240,29.87,29.9075,29.5875,0.004041084357635949,-0.017384856224767264,2017-01,-0.0404138376980278
2017-01-19,29.82,4701880,29.8425,30.06,29.7125,0.00016770082173400702,0.004463157894736947,2017-01,-0.0404138376980278
2017-01-18,30.0075,5774980,30.055,30.2425,29.96,0.006287726358148893,0.008485968744748718,2017-01,-0.0404138376980278
2017-01-17,30.055,6961876,29.85,30.0725,29.795,0.0015829375989335759,0.011867687905058544,2017-01,-0.0404138376980278
2017-01-13,29.7625,5751076,29.825,29.8538,29.4703,-0.009732157710863443,0.002273109951170138,2017-01,-0.0404138376980278
2017-01-12,29.875,6519652,29.8975,29.9825,29.7151,0.0037799244015119804,0.0020124098608083063,2017-01,-0.0404138376980278
2017-01-11,29.8525,5589828,29.56,29.9025,29.56,-0.0007531380753138528,0.00108987256874582,2017-01,-0.0404138376980278
2017-01-10,29.645,6338248,29.5325,29.6775,29.3325,-0.006950841638053706,-0.01208031325501957,2017-01,-0.0404138376980278
2017-01-09,29.5875,6063312,29.78,29.8775,29.525,-0.0019396188227357447,-0.015554816170354369,2017-01,-0.0404138376980278
2017-01-06,29.6625,8792276,29.6025,29.782,29.5025,0.0025348542458809575,-0.0033599328013439456,2017-01,-0.0404138376980278
2017-01-05,29.75,6144844,29.945,29.945,29.4375,0.002949852507374562,-0.004184100418409997,2017-01,-0.0404138376980278
2017-01-04,29.7675,8520048,29.8075,29.9525,29.6441,0.0005882352941175562,-0.0028473327192027886,2017-01,-0.0404138376980278
2017-01-03,29.68,6103172,29.885,29.9122,29.45,-0.0029394473838917357,0.0011806375442739991,2017-01,-0.0404138376980278
2016-12-30,29.865,5695860,30.0525,30.1875,29.775,0.0062331536388140485,0.009378960709759188,2016-12,-0.054495228528377626
2016-12-29,30.045,4047848,29.8075,30.065,29.63,0.006027122049221623,0.012895069532237624,2016-12,-0.054495228528377626
2016-12-28,29.6625,5123964,29.83,29.9175,29.6175,-0.01273090364453322,-0.002941176470588225,2016-12,-0.054495228528377626
2016-12-27,29.8125,2621748,29.77,29.895,29.6417,0.005056890012642201,0.0015117157974300355,2016-12,-0.054495228528377626
2016-12-23,29.8075,3570516,29.7225,29.815,29.635,-0.00016771488469602414,0.00429582210242585,2016-12,-0.054495228528377626
2016-12-22,29.725,4984660,29.66,29.755,29.54,-0.002767759791998614,-0.0046877615938388795,2016-12,-0.054495228528377626
2016-12-21,29.65,6056672,29.7725,29.9495,29.6275,-0.002523128679562725,-0.013146946247295843,2016-12,-0.054495228528377626
2016-12-20,29.825,6165952,29.81,29.975,29.69,0.00590219224283306,0.0054782975136957734,2016-12,-0.054495228528377626
2016-12-19,29.805,5144564,29.875,29.9225,29.5775,-0.0006705783738474302,-0.0002515723270439807,2016-12,-0.054495228528377626
2016-12-16,29.725,15695108,29.31,29.7975,29.2808,-0.002684113403791266,-0.002767759791998614,2016-12,-0.054495228528377626
2016-12-15,29.2575,10801096,28.995,29.2625,28.7125,-0.015727502102607316,-0.015727502102607316,2016-12,-0.054495228528377626
2016-12-14,29.0075,10483076,29.9225,30.1075,29.0,-0.008544817568144958,-0.02166947723440127,2016-12,-0.054495228528377626
2016-12-13,29.755,9463244,29.3775,29.795,29.37,0.025769197621304807,-0.002347024308466117,2016-12,-0.054495228528377626
2016-12-12,29.3625,16724844,29.0225,29.4475,28.9638,-0.013191060325995596,-0.014846502264720618,2016-12,-0.054495228528377626
2016-12-09,29.1225,11915900,29.2475,29.345,28.935,-0.008173690932311684,-0.020269133725820065,2016-12,-0.054495228528377626
2016-12-08,29.2175,8968048,29.195,29.4075,29.085,0.0032620825821960686,-0.0013671708109032066,2016-12,-0.054495228528377626
2016-12-07,29.42,10759932,28.755,29.425,28.7,0.006930777787285125,0.01422046022580381,2016-12,-0.054495228528377626
2016-12-06,28.6875,11771440,28.705,28.905,28.6175,-0.024898028552005513,-0.035876323307007185,2016-12,-0.054495228528377626
2016-12-05,28.75,10143080,28.5775,28.85,28.295,0.002178649237472685,-0.020859940400170363,2016-12,-0.054495228528377626
2016-12-02,28.6025,8449188,28.425,28.7275,28.4025,-0.005130434782608773,-0.01785560992359858,2016-12,-0.054495228528377626
2016-12-01,28.2375,12058400,28.38,28.48,28.1575,-0.012761122279520976,-0.03354154188414482,2016-12,-0.054495228528377626
2016-11-30,28.5575,13299292,28.97,28.9975,28.54,0.011332447985834548,-0.02931679129843645,2016-11,0.10207476144620499
2016-11-29,29.3175,12668340,29.075,29.6325,29.045,0.026612973824739594,0.0219607843137255,2016-11,0.10207476144620499
2016-11-28,29.075,18532464,28.8125,29.165,28.75,-0.008271510190159481,0.011304347826087024,2016-11,0.10207476144620499
2016-11-25,28.69,4609304,28.48,28.7925,28.4725,-0.013241616509028331,0.003059173149200234,2016-11,0.10207476144620499
2016-11-23,28.355,9498796,28.225,28.4575,28.1831,-0.01167654234925064,0.004161133244798609,2016-11,0.10207476144620499
2016-11-22,28.4575,10324836,28.4575,28.6825,28.3975,0.003614882736730607,-0.003501707082202654,2016-11,0.10207476144620499
2016-11-21,28.5875,9186360,28.61,28.6575,28.4225,0.004568215760344385,-0.02489980387140789,2016-11,0.10207476144620499
2016-11-18,28.5225,12270512,28.9125,28.9125,28.365,-0.0022737210319194734,-0.019002579535683517,2016-11,0.10207476144620499
2016-11-17,28.695,8680468,28.4775,28.785,28.4725,0.006047856955035513,0.00017427675148140587,2016-11,0.10207476144620499
2016-11-16,28.5725,16974372,28.82,28.9,28.295,-0.004269036417494321,0.007670604831599315,2016-11,0.10207476144620499
2016-11-15,28.7575,17988420,28.575,28.835,28.4375,0.006474757196605063,0.010542036370025487,2016-11,0.10207476144620499
2016-11-14,28.61,26598356,28.2275,28.64,27.6225,-0.005129096757367724,0.0007870572802799458,2016-11,0.10207476144620499
2016-11-11,28.385,16935976,28.64,28.8825,28.1925,-0.0078643830828381,-0.004820755543868849,2016-11,0.10207476144620499
2016-11-10,28.765,29856156,29.1975,29.23,28.0875,0.01338735247489864,0.0024394493814252627,2016-11,0.10207476144620499
2016-11-09,29.3725,28179296,30.2925,30.2925,29.045,0.02111941595689193,0.02799895003937336,2016-11,0.10207476144620499
2016-11-08,31.2925,8471956,31.1775,31.3575,31.0249,0.06536726529917436,0.08815091715204737,2016-11,0.10207476144620499
2016-11-07,31.165,11353888,30.95,31.1675,30.7,-0.004074458736118891,0.08930443900734009,2016-11,0.10207476144620499
2016-11-04,30.795,8715108,31.1075,31.175,30.7875,-0.011872292635969783,0.08490399859080511,2016-11,0.10207476144620499
2016-11-03,30.96,8894096,30.925,31.0975,30.7312,0.005358012664393508,0.07630801321049896,2016-11,0.10207476144620499
2016-11-02,30.92,24143924,30.825,31.07,30.5475,-0.0012919896640826156,0.05268533492212124,2016-11,0.10207476144620499
2016-11-01,31.4725,6613160,32.0475,32.07,31.3625,0.01786869340232844,0.005752177039226591,2016-11,0.10207476144620499
2016-10-31,32.0,12201296,31.7625,32.115,31.4425,0.016760664071808762,0.026792876624418538,2016-10,-0.053671875000000036
2016-10-28,31.4325,7975220,31.3325,31.6125,31.2263,-0.01773437499999997,0.020701412566975108,2016-10,-0.053671875000000036
2016-10-27,31.28,6069236,31.4625,31.5987,31.0825,-0.004851666268989141,0.010335917312661591,2016-10,-0.053671875000000036
2016-10-26,31.55,5263996,31.3925,31.63,31.215,0.008631713554987153,0.02037516170763265,2016-10,-0.053671875000000036
2016-10-25,31.38,5536620,31.035,31.4,30.975,-0.005388272583201292,-0.0029390737945825807,2016-10,-0.053671875000000036
2016-10-24,31.095,5947996,31.0525,31.135,30.8725,-0.009082217973231388,-0.028281250000000036,2016-10,-0.053671875000000036
2016-10-21,30.9275,4504608,30.8825,31.0475,30.7225,-0.005386718121884515,-0.016066173546488538,2016-10,-0.053671875000000036
2016-10-20,31.0325,7426140,31.145,31.4025,30.9775,0.003395036779565208,-0.007912404092071723,2016-10,-0.053671875000000036
2016-10-19,31.145,6226296,31.225,31.3412,31.0325,0.0036252316120197747,-0.012836767036450092,2016-10,-0.053671875000000036
2016-10-18,31.2775,5262996,31.2525,31.3625,30.917,0.00425429442928249,-0.0032664117272147575,2016-10,-0.053671875000000036
2016-10-17,31.015,4531708,31.0875,31.1175,30.905,-0.00839261449924067,-0.002572760894034354,2016-10,-0.053671875000000036
2016-10-14,31.0075,5538056,31.0875,31.26,30.9725,-0.0002418184749315433,0.0025866946891925924,2016-10,-0.053671875000000036
2016-10-13,31.1575,8133068,30.7325,31.2925,30.63,0.004837539305006855,0.004028035124466367,2016-10,-0.053671875000000036
2016-10-12,30.745,7696472,30.335,30.785,30.3025,-0.013239187996469504,-0.012843152994060025,2016-10,-0.053671875000000036
2016-10-11,30.2875,7655512,30.5375,30.62,30.195,-0.014880468368840494,-0.031652146111421864,2016-10,-0.053671875000000036
2016-10-10,30.695,8225748,30.465,30.7338,30.3125,0.013454395377630934,-0.010317588263743405,2016-10,-0.053671875000000036
2016-10-07,30.435,19343468,29.9725,30.815,29.9175,-0.00847043492425481,-0.018463275014109493,2016-10,-0.053671875000000036
2016-10-06,29.5075,10979452,29.53,29.7775,29.38,-0.030474782322983396,-0.052956751985878125,2016-10,-0.053671875000000036
2016-10-05,29.635,8269264,29.7675,30.0375,29.6025,0.00432093535541811,-0.036103431452268686,2016-10,-0.053671875000000036
2016-10-04,29.725,9205392,30.285,30.285,29.525,0.0030369495528934642,-0.018572018159306647,2016-10,-0.053671875000000036
2016-10-03,30.2825,6773620,30.615,30.67,30.06,0.018755256518082408,-0.013438670793288865,2016-10,-0.053671875000000036
2016-09-30,30.58,12255176,31.075,31.22,30.44,0.009824155865598927,0.004764251683916587,2016-09,-0.010791366906474765
2016-09-29,30.925,11062344,31.4725,31.485,30.685,0.01128188358404203,0.04803863424553079,2016-09,-0.010791366906474765
2016-09-28,31.62,6843108,31.83,31.8625,31.33,0.022473726758286183,0.06698160958326294,2016-09,-0.010791366906474765
2016-09-27,31.6975,9811944,31.7725,32.1475,31.6375,0.002450980392156854,0.0663582842724979,2016-09,-0.010791366906474765
2016-09-26,31.5575,5539916,31.6375,31.745,31.4525,-0.004416752109787869,0.042103525138281306,2016-09,-0.010791366906474765
2016-09-23,31.6875,9781076,31.39,31.9225,31.0125,0.004119464469618972,0.03621648136036626,2016-09,-0.010791366906474765
2016-09-22,32.0075,6233048,32.1025,32.2175,31.9225,0.010098619329388603,0.035004042037186656,2016-09,-0.010791366906474765
2016-09-21,31.96,7809476,31.295,31.9675,31.2625,-0.0014840271811293881,0.010752688172043001,2016-09,-0.010791366906474765
2016-09-20,31.2675,8329668,31.21,31.44,31.21,-0.02166770963704634,-0.013565738622919876,2016-09,-0.010791366906474765
2016-09-19,31.185,4990332,30.9125,31.2225,30.855,-0.0026385224274406704,-0.01180385011486973,2016-09,-0.010791366906474765
2016-09-16,30.83,13406008,30.5625,30.885,30.43,-0.011383678050344681,-0.027061143984220992,2016-09,-0.010791366906474765
2016-09-15,30.6825,5180036,30.5,30.76,30.3538,-0.004784301005513969,-0.041396547684136475,2016-09,-0.010791366906474765
2016-09-14,30.525,7883572,30.5,30.73,30.38,-0.00513321926179422,-0.04489987484355451,2016-09,-0.010791366906474765
2016-09-13,30.385,7670068,30.7,30.805,30.2725,-0.004586404586404469,-0.028224194451107243,2016-09,-0.010791366906474765
2016-09-12,30.8225,10134336,30.25,30.895,30.1625,0.014398551917064406,-0.011624178290844833,2016-09,-0.010791366906474765
2016-09-09,30.215,10674092,31.0875,31.1375,30.1875,-0.019709627707032218,-0.019948102497567288,2016-09,-0.010791366906474765
2016-09-08,31.345,6991848,31.0675,31.4425,31.0675,0.037398643058083714,0.021592112767864435,2016-09,-0.010791366906474765
2016-09-07,31.265,9802216,31.74,31.74,31.105,-0.0025522411867920924,0.0242424242424244,2016-09,-0.010791366906474765
2016-09-06,31.3225,9712628,30.9375,31.3225,30.89,0.0018391172237326447,0.030854039822280743,2016-09,-0.010791366906474765
2016-09-02,30.7825,9425856,30.5025,30.9225,30.3275,-0.017240003192593223,-0.0012977532646606393,2016-09,-0.010791366906474765
2016-09-01,30.25,8328688,30.1875,30.31,30.055,-0.01729878989685696,0.0011583650504716214,2016-09,-0.010791366906474765
2016-08-31,30.235,8193928,30.2925,30.4172,30.155,-0.0004958677685951152,-0.035412346466741074,2016-08,0.06251033570365472
2016-08-30,30.305,6803652,30.565,30.735,30.2625,0.0023151976186539525,-0.030705261474492263,2016-08,0.06251033570365472
2016-08-29,30.585,8560372,30.4675,30.7968,30.4025,0.00923939943903651,-0.023545374730625013,2016-08,0.06251033570365472
2016-08-26,30.405,7512052,30.985,31.2325,30.3725,-0.005885237861696924,-0.01226346138227885,2016-08,0.06251033570365472
2016-08-25,31.1275,4957288,31.085,31.2128,31.01,0.02376253905607628,0.02900826446281002,2016-08,0.06251033570365472
2016-08-24,31.0375,4932892,30.9875,31.12,30.865,-0.0028913340293952317,0.026542086985281932,2016-08,0.06251033570365472
2016-08-23,31.0675,4930164,31.33,31.4325,31.0538,0.0009665726943213215,0.025160864543804617,2016-08,0.06251033570365472
2016-08-22,31.26,6145248,31.3625,31.425,31.1825,0.006196185724631986,0.02206964198136352,2016-08,0.06251033570365472
2016-08-19,31.27,9775640,31.64,31.64,31.1,0.00031989763275741545,0.028449268212465073,2016-08,0.06251033570365472
2016-08-18,31.74,10607616,31.325,31.76,31.325,0.01503038055644379,0.019677134366717475,2016-08,0.06251033570365472
2016-08-17,31.45,8063620,30.995,31.5,30.7525,-0.009136735979836108,0.01329037454691906,2016-08,0.06251033570365472
2016-08-16,30.9975,6411688,31.3025,31.3025,30.9975,-0.014387917329093836,-0.002253158445320702,2016-08,0.06251033570365472
2016-08-15,31.33,4743268,31.78,31.825,31.32,0.01072667150576656,0.0022392834293025743,2016-08,0.06251033570365472
2016-08-12,31.6975,6001484,31.825,31.9275,31.6825,0.011729971273539919,0.013671250399744261,2016-08,0.06251033570365472
2016-08-11,31.755,6034188,31.5925,31.7725,31.525,0.0018140231879484325,0.0004725897920605515,2016-08,0.06251033570365472
2016-08-10,31.5925,4582696,31.5475,31.6337,31.415,-0.005117304361517805,0.004531001589825223,2016-08,0.06251033570365472
2016-08-09,31.5175,6861432,31.505,31.6525,31.4125,-0.0023739811664161836,0.016775546415033427,2016-08,0.06251033570365472
2016-08-08,31.4975,7976504,31.56,31.7525,31.395,-0.00063456809708895,0.005346313437599726,2016-08,0.06251033570365472
2016-08-05,31.4975,7054452,31.6938,31.79,31.3275,0.0,-0.006309645871125591,2016-08,0.06251033570365472
2016-08-04,31.8625,9085872,31.96,32.0975,31.7625,0.011588221287403888,0.0033852936545426537,2016-08,0.06251033570365472
2016-08-03,32.0225,20281908,31.8975,32.115,31.765,0.005021577089054485,0.01361082535411895,2016-08,0.06251033570365472
2016-08-02,31.9075,6613144,31.9375,32.08,31.71,-0.0035912249199782087,0.01237407789323397,2016-08,0.06251033570365472
2016-08-01,32.125,8235716,32.05,32.2025,31.975,0.006816579174175441,0.01992221604889277,2016-08,0.06251033570365472
2016-07-29,32.0725,9339844,31.8175,32.1275,31.8175,-0.0016342412451362254,0.01825541709659495,2016-07,0.011224569335100147
2016-07-28,31.855,7392668,31.755,32.025,31.6378,-0.006781510639956245,-0.00023538642604947757,2016-07,0.011224569335100147
2016-07-27,31.7925,9632340,32.04,32.1725,31.3875,-0.0019620153822006436,-0.007182449839956306,2016-07,0.011224569335100147
2016-07-26,32.1075,7037756,32.3475,32.4025,32.0,0.009907997169143812,0.006268118780851095,2016-07,0.011224569335100147
2016-07-25,32.3725,5101588,32.325,32.45,32.1575,0.008253523320096656,0.007704280155642174,2016-07,0.011224569335100147
2016-07-22,32.4525,6754040,32.0025,32.5373,31.9375,0.002471233299868647,0.011848156520383624,2016-07,0.011224569335100147
2016-07-21,32.065,6620736,31.75,32.115,31.5975,-0.01194052846467919,0.0065923716841940205,2016-07,0.011224569335100147
2016-07-20,31.8025,6737056,32.1425,32.1625,31.7875,-0.008186496179635072,0.00031453959267113696,2016-07,0.011224569335100147
2016-07-19,32.0225,6388752,31.9775,32.0775,31.8125,0.00691769514975249,-0.0026473565366347263,2016-07,0.011224569335100147
2016-07-18,32.0625,8170912,31.935,32.1675,31.8975,0.0012491217112966524,-0.009576029036991396,2016-07,0.011224569335100147
2016-07-15,31.895,5396020,31.885,32.0725,31.7725,-0.00522417153996102,-0.01717895385563517,2016-07,0.011224569335100147
2016-07-14,31.81,9823100,31.82,32.025,31.635,-0.0026649945132466435,-0.007952596288788416,2016-07,0.011224569335100147
2016-07-13,32.0425,8270588,31.9675,32.1375,31.8525,0.007309022320025171,0.007546576527002635,2016-07,0.011224569335100147
2016-07-12,31.8325,9178572,32.2625,32.4963,31.815,-0.006553795740032675,-0.005933328128659543,2016-07,0.011224569335100147
2016-07-11,32.4225,5507796,32.3525,32.435,32.0225,0.018534516610382523,0.011228070175438587,2016-07,0.011224569335100147
2016-07-08,32.4825,7956504,32.0225,32.495,31.665,0.0018505667360630973,0.01841981501802792,2016-07,0.011224569335100147
2016-07-07,32.0825,7687672,32.625,32.7025,31.9925,-0.01231432309705216,0.008566488525620919,2016-07,0.011224569335100147
2016-07-06,32.7225,9991716,32.6675,32.995,32.3675,0.019948570092729545,0.021221814777248937,2016-07,0.011224569335100147
2016-07-05,32.7175,10068280,32.43,32.8312,32.3787,-0.0001528000611198399,0.027801774915573674,2016-07,0.011224569335100147
2016-07-01,32.4325,6346724,32.8175,32.8175,32.145,-0.0087109345151678,0.0003084277893437015,2016-07,0.011224569335100147
2016-06-30,32.6,12484444,31.9925,32.6075,31.8475,0.005164572573807202,0.003617332409759033,2016-06,-0.0786042944785276
2016-06-29,31.9375,9655136,32.21,32.3212,31.8225,-0.02032208588957063,-0.004519597911634143,2016-06,-0.0786042944785276
2016-06-28,32.115,10236496,31.8825,32.14,31.5725,0.005557729941291667,-0.018565207426082808,2016-06,-0.0786042944785276
2016-06-27,31.97,13666428,30.9625,32.055,30.9625,-0.004515024132025647,-0.02284710017574698,2016-06,-0.0786042944785276
2016-06-24,30.95,16289788,30.5325,31.2725,30.3125,-0.03190491085392555,-0.04571032143683029,2016-06,-0.0786042944785276
2016-06-23,30.9525,5585660,30.9325,30.9525,30.7413,8.077544426488004e-05,-0.05053680981595099,2016-06,-0.0786042944785276
2016-06-22,30.91,5466824,31.1,31.1325,30.8725,-0.0013730716420321532,-0.03217221135029358,2016-06,-0.0786042944785276
2016-06-21,31.0675,7440524,31.135,31.2413,30.8925,0.005095438369459693,-0.032617157091701765,2016-06,-0.0786042944785276
2016-06-20,31.06,6513800,31.225,31.275,30.8025,-0.00024140983342724187,-0.028464185173600276,2016-06,-0.0786042944785276
2016-06-17,31.275,11624340,31.2575,31.3075,30.9325,0.00692208628461044,0.01050080775444262,2016-06,-0.0786042944785276
2016-06-16,31.2125,6123396,31.0425,31.2675,30.96,-0.001998401278976769,0.008399967692431787,2016-06,-0.0786042944785276
2016-06-15,30.96,7671224,31.1575,31.1713,30.8275,-0.008089707649178934,0.0016175994823681705,2016-06,-0.0786042944785276
2016-06-14,31.245,6341632,30.93,31.255,30.72,0.009205426356589053,0.0057133660577775025,2016-06,-0.0786042944785276
2016-06-13,30.8975,4682628,30.9675,31.085,30.84,-0.011121779484717598,-0.005231809401158971,2016-06,-0.0786042944785276
2016-06-10,30.9575,5889676,30.98,31.2125,30.78,0.0019419046848450083,-0.010151878497202227,2016-06,-0.0786042944785276
2016-06-09,30.995,5551560,30.7425,31.035,30.7175,0.0012113381248486377,-0.006968362034441289,2016-06,-0.0786042944785276
2016-06-08,30.73,7323528,30.2425,30.7475,30.2063,-0.008549766091305089,-0.007428940568475428,2016-06,-0.0786042944785276
2016-06-07,30.2775,6722284,30.5075,30.62,30.2675,-0.014725024406117782,-0.03096495439270286,2016-06,-0.0786042944785276
2016-06-06,30.4375,5638992,30.52,30.675,30.2925,0.005284452150937202,-0.014887935917145434,2016-06,-0.0786042944785276
2016-06-03,30.45,7846408,30.2125,30.5925,30.16,0.000410677618069899,-0.016393442622950838,2016-06,-0.0786042944785276
2016-06-02,29.9525,5515588,29.9575,30.05,29.675,-0.016338259441707637,-0.03363445717051139,2016-06,-0.0786042944785276
2016-06-01,30.0375,6607444,30.03,30.2075,29.9025,0.002837826558717893,-0.0225349821021803,2016-06,-0.0786042944785276
2016-05-31,30.03,13374888,29.96,30.2175,29.8625,-0.00024968789013735115,-0.008174386920980936,2016-05,-0.01714951714951717
2016-05-27,29.96,4369160,29.975,30.0225,29.8025,-0.002331002331002363,-0.015687885010266966,2016-05,-0.01714951714951717
2016-05-26,29.955,4618908,29.5525,29.975,29.5487,-0.00016688918558083188,-0.01625615763546806,2016-05,-0.01714951714951717
2016-05-25,29.775,5687908,29.9,29.9925,29.715,-0.006009013520280382,-0.005926049578499404,2016-05,-0.01714951714951717
2016-05-24,29.9725,7442780,29.5625,30.0162,29.52,0.006633081444164635,-0.002163961714523599,2016-05,-0.01714951714951717
2016-05-23,29.4975,4932344,29.8625,29.875,29.4675,-0.015847860538827252,-0.01773226773226777,2016-05,-0.01714951714951717
2016-05-20,29.8325,8950464,29.65,29.845,29.4675,0.011356894652089222,-0.00425567423230977,2016-05,-0.01714951714951717
2016-05-19,29.6025,8242620,29.2825,29.6125,29.125,-0.007709712561803417,-0.011767651477215813,2016-05,-0.01714951714951717
2016-05-18,29.505,9230560,29.7975,30.2025,29.3525,-0.003293640739802428,-0.00906801007556679,2016-05,-0.01714951714951717
2016-05-17,29.945,8535396,30.275,30.3225,29.735,0.014912726656499009,-0.0009175077154057742,2016-05,-0.01714951714951717
2016-05-16,30.37,5292664,30.085,30.3775,29.9525,0.014192686592085613,0.029578777862530714,2016-05,-0.01714951714951717
2016-05-13,30.19,5877296,30.2275,30.3325,29.925,-0.005926901547579799,0.01198357496019442,2016-05,-0.01714951714951717
2016-05-12,30.2875,7977380,29.9675,30.3475,29.8175,0.0032295462073534953,0.02313993750527832,2016-05,-0.01714951714951717
2016-05-11,29.9225,5758748,29.9425,30.0875,29.625,-0.012051176227816818,0.01415014404338244,2016-05,-0.01714951714951717
2016-05-10,29.9,4637332,29.82,29.9975,29.7275,-0.0007519425181720107,-0.001502755050926785,2016-05,-0.01714951714951717
2016-05-09,29.7225,4924940,29.66,29.7725,29.5325,-0.0059364548494982294,-0.021320381955877488,2016-05,-0.01714951714951717
2016-05-06,29.6225,5848812,29.765,29.775,29.375,-0.0033644545378080926,-0.018797615104339305,2016-05,-0.01714951714951717
2016-05-05,29.7125,8386592,29.855,30.11,29.49,0.0030382310743521934,-0.018984729673958034,2016-05,-0.01714951714951717
2016-05-04,29.865,6702456,29.505,30.11,29.435,0.00513251998317199,-0.0019216308797728177,2016-05,-0.01714951714951717
2016-05-03,29.605,5250168,29.585,29.7375,29.36,-0.008705842959986554,-0.009866220735785913,2016-05,-0.01714951714951717
2016-05-02,29.515,7651604,29.4575,29.69,29.32,-0.0030400270224624215,-0.006981243165951723,2016-05,-0.01714951714951717
2016-04-29,29.395,9312872,29.0525,29.4375,28.7875,-0.004065729290191444,-0.007679972993501538,2016-04,0.009610477972444255
2016-04-28,29.1175,8615392,28.95,29.4325,28.7825,-0.00944038101717981,-0.020025241901556523,2016-04,0.009610477972444255
2016-04-27,29.2225,10262472,28.92,29.505,28.85,0.003606078818579883,-0.021513477314582197,2016-04,0.009610477972444255
2016-04-26,28.88,7878860,28.68,28.91,28.55,-0.011720420908546525,-0.024489106569836272,2016-04,0.009610477972444255
2016-04-25,28.6175,4530776,28.5775,28.6175,28.4625,-0.009089335180055391,-0.03040826698289012,2016-04,0.009610477972444255
2016-04-22,28.61,6940096,28.3625,28.6325,28.3088,-0.0002620774001922399,-0.026705221976526583,2016-04,0.009610477972444255
2016-04-21,28.2275,9735084,28.8075,28.8125,28.11,-0.013369451240824892,-0.03056581093843913,2016-04,0.009610477972444255
2016-04-20,28.8775,5898720,29.515,29.58,28.8588,0.023027189797183656,-0.011805971426127049,2016-04,0.009610477972444255
2016-04-19,29.525,7351988,29.52,29.6,29.305,0.022422301099471742,0.022333795013850466,2016-04,0.009610477972444255
2016-04-18,29.4425,5816056,29.3,29.4425,29.1175,-0.0027942421676545592,0.02882851402114084,2016-04,0.009610477972444255
2016-04-15,29.3575,6405440,29.125,29.3994,29.0382,-0.0028869831026576698,0.026127228241873635,2016-04,0.009610477972444255
2016-04-14,29.0375,6145952,29.0425,29.2325,28.75,-0.010900110704249344,0.028695421131875065,2016-04,0.009610477972444255
2016-04-13,29.12,4753424,29.3475,29.3975,28.94,0.002841153680585462,0.008397541338412307,2016-04,0.009610477972444255
2016-04-12,29.2625,5714428,29.12,29.315,29.0175,0.0048935439560438,-0.008890770533446224,2016-04,0.009610477972444255
2016-04-11,29.0575,4226184,29.265,29.4075,29.0075,-0.007005553182400592,-0.013076335229684877,2016-04,0.009610477972444255
2016-04-08,29.2025,4269008,28.9975,29.36,28.9975,0.0049901058246579755,-0.00527974112237084,2016-04,0.009610477972444255
2016-04-07,29.0475,5359504,29.0925,29.3275,28.9975,-0.005307764746169008,0.0003443822643132144,2016-04,0.009610477972444255
2016-04-06,29.1775,6557000,29.08,29.185,28.896,0.0044754281779844085,0.001974587912087822,2016-04,0.009610477972444255
2016-04-05,29.0875,8802724,29.575,29.7237,29.0375,-0.0030845685888098995,-0.005980350277659197,2016-04,0.009610477972444255
2016-04-04,29.68,5239756,29.7575,29.795,29.485,0.02036957455951871,0.021423040523100623,2016-04,0.009610477972444255
2016-04-01,29.6775,8320280,29.5225,29.7475,29.365,-8.423180592997959e-05,0.016265730673743706,2016-04,0.009610477972444255
2016-03-31,29.585,8021172,29.56,29.7,29.4625,-0.0031168393564147134,0.01850417419743522,2016-03,-0.048504309616359716
2016-03-30,29.625,5168032,29.7875,29.8425,29.525,0.0013520365049854988,0.015337160483249068,2016-03,-0.048504309616359716
2016-03-29,29.7525,5559236,29.4875,29.7825,29.295,0.004303797468354409,0.0228620541469704,2016-03,-0.048504309616359716
2016-03-28,29.395,5526452,29.5875,29.725,29.34,-0.012015796991849514,-0.00960242587601079,2016-03,-0.048504309616359716
2016-03-24,29.62,9832008,29.3725,29.655,29.32,0.007654362986902585,-0.0019374947350685456,2016-03,-0.048504309616359716
2016-03-23,29.4225,6684016,29.175,29.525,29.105,-0.0066677920324106354,-0.005492648301504199,2016-03,-0.048504309616359716
2016-03-22,29.26,5931952,29.34,29.54,29.18,-0.005522984110799434,-0.01232067510548518,2016-03,-0.048504309616359716
2016-03-21,29.3925,6316572,29.4675,29.5975,29.1525,0.004528366370471604,-0.012099823544240107,2016-03,-0.048504309616359716
2016-03-18,29.625,21554124,29.685,29.72,29.3925,0.007910181168665487,0.007824459942167072,2016-03,-0.048504309616359716
2016-03-17,29.5825,8162680,29.32,29.6375,29.1275,-0.0014345991561182103,-0.0012660364618501951,2016-03,-0.048504309616359716
2016-03-16,29.28,7541704,28.885,29.3803,28.6103,-0.010225640158877614,-0.004843232220239524,2016-03,-0.048504309616359716
2016-03-15,28.9,9301624,28.9625,29.1675,28.8238,-0.01297814207650283,-0.012303485987696594,2016-03,-0.048504309616359716
2016-03-14,28.96,6013600,29.0575,29.1925,28.82,0.0020761245674740803,-0.014714638087947485,2016-03,-0.048504309616359716
2016-03-11,28.955,6350412,29.07,29.095,28.8425,-0.0001726519337017507,-0.022616033755274323,2016-03,-0.048504309616359716
2016-03-10,28.9225,6347572,29.2075,29.2425,28.6325,-0.0011224313590053603,-0.0223104876193696,2016-03,-0.048504309616359716
2016-03-09,29.065,7436412,28.835,29.1025,28.835,0.004926959979254963,-0.007342896174863389,2016-03,-0.048504309616359716
2016-03-08,28.8625,8271812,28.6225,28.925,28.5425,-0.006967142611388311,-0.0012975778546712169,2016-03,-0.048504309616359716
2016-03-07,28.6125,8543204,28.515,28.6825,28.3713,-0.008661758336942382,-0.011999309392265234,2016-03,-0.048504309616359716
2016-03-04,28.5725,11715092,27.8025,28.635,27.6625,-0.0013979903888160505,-0.013210153686755155,2016-03,-0.048504309616359716
2016-03-03,27.905,13735608,28.12,28.135,27.49,-0.02336162393910235,-0.03518022300976742,2016-03,-0.048504309616359716
2016-03-02,28.09,11009988,28.06,28.215,27.335,0.0066296362659021835,-0.03354550146223989,2016-03,-0.048504309616359716
2016-03-01,28.15,9832720,28.3575,28.4295,27.99,0.0021359914560341586,-0.02468601126028591,2016-03,-0.048504309616359716
2016-02-29,28.205,10486960,28.0925,28.485,28.0125,0.00195381882770862,-0.014242027086063813,2016-02,0.0014181882644922071
2016-02-26,28.13,9756944,28.825,28.9525,28.0475,-0.0026591029959226464,-0.015486919240528585,2016-02,0.0014181882644922071
2016-02-25,28.96,8764292,29.0925,29.245,28.78,0.029505865623889127,0.037806844651496085,2016-02,0.0014181882644922071
2016-02-24,29.0,13336776,28.665,29.0275,28.615,0.0013812154696133394,0.03239587041651837,2016-02,0.0014181882644922071
2016-02-23,29.03,9208980,28.8325,29.135,28.7125,0.001034482758620836,0.03126110124333925,2016-02,0.0014181882644922071
2016-02-22,28.925,10462164,28.775,29.1325,28.6875,-0.003616947984843244,0.025527388760858027,2016-02,0.0014181882644922071
2016-02-19,28.6875,13476676,28.625,28.8625,28.4,-0.00821089023336219,0.01981869889797383,2016-02,0.0014181882644922071
2016-02-18,28.5825,13084932,27.96,28.695,27.9225,-0.003660130718954213,-0.013035220994475183,2016-02,0.0014181882644922071
2016-02-17,27.8575,10792760,28.065,28.0675,27.8163,-0.025365170996238917,-0.03939655172413792,2016-02,0.0014181882644922071
2016-02-16,28.0875,9380748,28.1125,28.24,27.8025,0.00825630440635372,-0.03246641405442652,2016-02,0.0014181882644922071
2016-02-12,27.9175,11425664,28.03,28.0825,27.65,-0.0060525144637293415,-0.03483146067415732,2016-02,0.0014181882644922071
2016-02-11,27.975,13052680,28.2575,28.49,27.97,0.002059640010745989,-0.024836601307189454,2016-02,0.0014181882644922071
2016-02-10,28.435,13795428,28.155,28.53,27.8525,0.016443252904378758,-0.005160500306131355,2016-02,0.0014181882644922071
2016-02-09,28.8375,13775472,28.5025,28.9875,28.4125,0.01415509055741171,0.03517903616620299,2016-02,0.0014181882644922071
2016-02-08,28.5425,10296804,28.41,28.6525,28.1988,-0.010229735587342859,0.016199376947040545,2016-02,0.0014181882644922071
2016-02-05,28.4025,11007064,28.325,28.5338,28.055,-0.004904966278356904,0.01737261574281357,2016-02,0.0014181882644922071
2016-02-04,28.38,11712924,28.48,28.74,28.1375,-0.0007921837866384784,0.014477211796246614,2016-02,0.0014181882644922071
2016-02-03,28.6875,13531940,28.5325,28.8775,28.42,0.010835095137420758,0.00887990152980489,2016-02,0.0014181882644922071
2016-02-02,28.4775,11020452,28.0125,28.5175,28.0,-0.007320261437908537,-0.012483745123537004,2016-02,0.0014181882644922071
2016-02-01,28.245,15117152,27.91,28.36,27.6975,-0.008164340268633108,-0.010423053341508282,2016-02,0.0014181882644922071
2016-01-29,27.9275,24626008,27.3475,27.965,27.2,-0.01124092759780504,-0.016723879940146125,2016-01,-0.07286724554650435
2016-01-28,27.075,14685932,26.4387,27.1925,26.3825,-0.030525467728940936,-0.04598308668076112,2016-01,-0.07286724554650435
2016-01-27,26.6825,10999668,26.72,26.95,26.5525,-0.014496768236380353,-0.06989106753812635,2016-01,-0.07286724554650435
2016-01-26,26.64,12272760,26.65,26.9325,26.465,-0.0015928042724632219,-0.06452462470371345,2016-01,-0.07286724554650435
2016-01-25,26.605,8533112,26.68,26.7563,26.3675,-0.0013138138138137911,-0.058063374048504146,2016-01,-0.07286724554650435
2016-01-22,26.65,9400584,26.45,26.67,26.2525,0.001691411388836661,-0.045743442843075854,2016-01,-0.07286724554650435
2016-01-21,26.26,8786384,26.3575,26.445,25.965,-0.014634146341463317,-0.030101569713757992,2016-01,-0.07286724554650435
2016-01-20,26.3275,13865912,26.715,26.885,25.8375,0.002570449352627513,-0.01330460039351633,2016-01,-0.07286724554650435
2016-01-19,26.9525,15298492,26.365,27.06,26.2825,0.023739435951001697,0.011730480480480532,2016-01,-0.07286724554650435
2016-01-15,26.315,15258312,26.36,26.4725,26.02,-0.02365272238196825,-0.010900206728058581,2016-01,-0.07286724554650435
2016-01-14,26.4225,9981780,26.2025,26.6925,26.0938,0.004085122553676435,-0.008536585365853666,2016-01,-0.07286724554650435
2016-01-13,26.155,10292772,26.42,26.4725,25.935,-0.01012394739332001,-0.003998476770754045,2016-01,-0.07286724554650435
2016-01-12,26.345,8618884,26.4425,26.52,26.085,0.007264385394761819,0.0006647042066278974,2016-01,-0.07286724554650435
2016-01-11,26.395,16397796,26.33,26.65,26.2775,0.0018978933383944074,-0.020684537612466358,2016-01,-0.07286724554650435
2016-01-08,26.2925,14382116,26.2175,26.475,26.1875,-0.0038833112331880804,-0.0008550256507695586,2016-01,-0.07286724554650435
2016-01-07,26.175,12870656,25.7975,26.265,25.7575,-0.004468955025197285,-0.009367016747090506,2016-01,-0.07286724554650435
2016-01-06,26.06,6983228,25.9725,26.1675,25.875,-0.004393505253104224,-0.0036321926973811314,2016-01,-0.07286724554650435
2016-01-05,26.145,8915316,25.9225,26.2338,25.55,0.003261703760552681,-0.007591573353577519,2016-01,-0.07286724554650435
2016-01-04,25.8925,7716356,25.7175,25.9125,25.585,-0.009657678332377184,-0.019037696533434456,2016-01,-0.07286724554650435
2015-12-31,25.9725,5744840,26.2275,26.23,25.7575,0.0030896977889351973,-0.01217077113245224,2015-12,-0.03195687746655123
2015-12-30,26.2275,5638508,26.1625,26.315,26.115,0.009818076812012633,0.0020057306590257618,2015-12,-0.03195687746655123
2015-12-29,26.1625,4445364,26.1625,26.325,26.1175,-0.0024783147459725985,0.003933231005372351,2015-12,-0.03195687746655123
2015-12-28,25.9975,6536864,25.92,26.0175,25.825,-0.006306736741519492,-0.005641614075349022,2015-12,-0.03195687746655123
2015-12-24,25.9825,2211048,25.9625,26.0375,25.8775,-0.0005769785556302143,0.003475910012552097,2015-12,-0.03195687746655123
2015-12-23,25.995,6444676,25.77,26.0775,25.75,0.0004810930433944982,0.0008663008951776963,2015-12,-0.03195687746655123
2015-12-22,25.7275,6698628,25.6625,25.8225,25.3775,-0.01029044046932115,-0.019063959584405654,2015-12,-0.03195687746655123
2015-12-21,25.575,9479244,25.695,25.74,25.375,-0.005927509474297876,-0.022455805064500844,2015-12,-0.03195687746655123
2015-12-18,25.5275,18943960,25.84,25.85,25.1775,-0.001857282502443769,-0.018078661409750896,2015-12,-0.03195687746655123
2015-12-17,25.8525,9756984,25.9125,26.1075,25.7525,0.012731368132406162,-0.005003367651303825,2015-12,-0.03195687746655123
2015-12-16,25.9125,17476920,24.85,25.98,24.85,0.0023208587177256934,-0.0031736872475476297,2015-12,-0.03195687746655123
2015-12-15,24.68,10292048,24.62,24.8175,24.5075,-0.04756391702846119,-0.04071518802837426,2015-12,-0.03195687746655123
2015-12-14,24.495,12193680,24.37,24.5975,24.2675,-0.007495948136142627,-0.04222873900293245,2015-12,-0.03195687746655123
2015-12-11,24.3525,7646828,24.22,24.4325,24.0775,-0.005817513778322181,-0.04602879247869951,2015-12,-0.03195687746655123
2015-12-10,24.4,7223480,24.7475,24.7475,24.3725,0.0019505184272661236,-0.056184121458272895,2015-12,-0.03195687746655123
2015-12-09,24.69,13261248,24.6975,24.9525,24.5,0.011885245901639419,-0.04717800289435603,2015-12,-0.03195687746655123
2015-12-08,24.835,10963336,24.585,24.87,24.5225,0.005872823005265371,0.006280388978930462,2015-12,-0.03195687746655123
2015-12-07,24.6425,11292300,24.505,24.6775,24.4325,-0.007751157640426887,0.006021637068789332,2015-12,-0.03195687746655123
2015-12-04,24.535,14047996,24.24,24.5775,24.1038,-0.004362382063508141,0.007494097115285925,2015-12,-0.03195687746655123
2015-12-03,24.105,10691320,24.37,24.5025,24.0475,-0.01752598328917876,-0.01209016393442619,2015-12,-0.03195687746655123
2015-12-02,24.4975,11379720,25.0575,25.1075,24.4775,0.01628292885293492,-0.007796678817335034,2015-12,-0.03195687746655123
2015-12-01,25.1425,7768956,25.0075,25.24,24.9125,0.02632921726706816,0.01238171934769472,2015-12,-0.03195687746655123
2015-11-30,24.965,9222544,24.82,25.125,24.815,-0.007059759371581875,0.013087146190524646,2015-11,0.02373322651712402
2015-11-27,24.8425,2899424,24.78,24.925,24.7538,-0.004906869617464449,0.012533115956796514,2015-11,0.02373322651712402
2015-11-25,24.72,4389112,24.795,24.8175,24.6325,-0.004931065713998262,0.025513378967019218,2015-11,0.02373322651712402
2015-11-24,24.8525,6792908,24.825,24.9775,24.6625,0.0053600323624596324,0.014491274619859107,2015-11,0.02373322651712402
2015-11-23,25.1225,7030848,25.25,25.335,25.0575,0.010864098179257597,-0.0007954658446852614,2015-11,0.02373322651712402
2015-11-20,25.255,7048244,25.24,25.4675,25.1425,0.005274156632500748,0.011616262767875085,2015-11,0.02373322651712402
2015-11-19,25.2475,9278224,24.9625,25.3125,24.9075,-0.0002969708968521001,0.01630270705444281,2015-11,0.02373322651712402
2015-11-18,24.925,19225204,25.1875,25.315,24.6375,-0.012773541934844923,0.008292880258899737,2015-11,0.02373322651712402
2015-11-17,25.1875,9685780,25.51,25.7675,25.1275,0.010531594784352949,0.013479529222412356,2015-11,0.02373322651712402
2015-11-16,25.53,6516684,25.125,25.545,25.0353,0.01359801488833745,0.01622051945467229,2015-11,0.02373322651712402
2015-11-13,25.1075,9647132,25.2,25.4175,25.055,-0.016549157853505636,-0.005840427638091339,2015-11,0.02373322651712402
2015-11-12,25.1825,13194052,24.925,25.3975,24.8663,0.0029871552325002604,-0.002574512327953138,2015-11,0.02373322651712402
2015-11-11,24.93,6904624,24.7725,24.96,24.6925,-0.01002680432840275,0.00020060180541614514,2015-11,0.02373322651712402
2015-11-10,24.75,6746584,24.72,24.88,24.66,-0.0072202166064981865,-0.017369727047146455,2015-11,0.02373322651712402
2015-11-09,24.7275,8559584,24.6575,24.8225,24.565,-0.0009090909090909705,-0.03143360752056412,2015-11,0.02373322651712402
2015-11-06,24.71,12280920,25.1625,25.2675,24.3625,-0.0007077140835102247,-0.015831922732251313,2015-11,0.02373322651712402
2015-11-05,25.525,6332408,25.76,25.8775,25.51,0.03298259813840532,0.013600714782090684,2015-11,0.02373322651712402
2015-11-04,25.805,6002820,25.58,25.83,25.525,0.010969637610186211,0.03509827517047737,2015-11,0.02373322651712402
2015-11-03,25.5775,5094964,25.4375,25.62,25.34,-0.00881612090680095,0.03343434343434337,2015-11,0.02373322651712402
2015-11-02,25.5575,6752236,25.69,25.7488,25.3525,-0.0007819372495356802,0.03356586796077243,2015-11,0.02373322651712402
2015-10-30,25.665,8811300,25.46,25.7575,25.3825,0.004206201702044332,0.038648320518008816,2015-10,-0.05951685174361971
2015-10-29,25.445,6790276,25.6625,25.6625,25.25,-0.008571985193843723,-0.0031341821743388065,2015-10,-0.05951685174361971
2015-10-28,25.7375,7738040,26.025,26.325,25.38,0.011495382196895276,-0.0026157721371826703,2015-10,-0.05951685174361971
2015-10-27,26.025,8413660,25.93,26.0725,25.8678,0.011170471102476931,0.017495845958361844,2015-10,-0.05951685174361971
2015-10-26,25.9625,9527096,26.195,26.195,25.8175,-0.0024015369836695166,0.015846620365841613,2015-10,-0.05951685174361971
2015-10-23,26.14,6844272,26.39,26.46,26.0925,0.0068367838228213795,0.018507695304889937,2015-10,-0.05951685174361971
2015-10-22,26.4275,6707996,26.1175,26.4625,26.045,0.010998469778117803,0.038612694045981444,2015-10,-0.05951685174361971
2015-10-21,26.05,4666220,26.075,26.22,25.9775,-0.014284362879576129,0.012141816415735862,2015-10,-0.05951685174361971
2015-10-20,25.985,5550136,25.8775,26.115,25.8,-0.00249520153550864,-0.001536983669548464,2015-10,-0.05951685174361971
2015-10-19,25.9425,5101868,25.9,25.955,25.6375,-0.0016355589763324963,-0.0007703418391911132,2015-10,-0.05951685174361971
2015-10-16,25.915,6507032,25.945,26.065,25.7825,-0.0010600366194468691,-0.00860749808722272,2015-10,-0.05951685174361971
2015-10-15,25.8,7179088,25.3575,25.8425,25.3125,-0.004437584410572959,-0.023744205846182864,2015-10,-0.05951685174361971
2015-10-14,25.2325,4806612,25.3325,25.44,25.1725,-0.021996124031007702,-0.03138195777351249,2015-10,-0.05951685174361971
2015-10-13,25.31,5058776,25.3175,25.465,25.2375,0.003071435648469123,-0.02597652491822211,2015-10,-0.05951685174361971
2015-10-12,25.3625,7199116,25.2625,25.53,25.25,0.0020742789411301032,-0.022357135973788078,2015-10,-0.05951685174361971
2015-10-09,25.2625,6959120,25.2,25.3025,25.06,-0.003942828979793034,-0.025178468068686066,2015-10,-0.05951685174361971
2015-10-08,25.2125,7006572,24.89,25.245,24.8,-0.0019792182088075316,-0.022771317829457405,2015-10,-0.05951685174361971
2015-10-07,24.9825,6829472,25.0125,25.215,24.9375,-0.009122459097669733,-0.009907856930545966,2015-10,-0.05951685174361971
2015-10-06,24.9625,7887896,25.1025,25.1025,24.875,-0.0008005603922747184,-0.013729751086527076,2015-10,-0.05951685174361971
2015-10-05,25.18,10323424,24.7375,25.1925,24.6375,0.008713069604406654,-0.007195662888122234,2015-10,-0.05951685174361971
2015-10-02,24.635,11294492,24.275,24.655,24.15,-0.021644162033359726,-0.02483918852053435,2015-10,-0.05951685174361971
2015-10-01,24.1375,12829736,24.4475,24.465,23.96,-0.0201948447331034,-0.04263758056519584,2015-10,-0.05951685174361971
2015-09-30,24.3875,15191412,24.155,24.4125,24.155,0.01035732780942511,-0.02381667167016921,2015-09,-0.02255253716043058
2015-09-29,24.1975,13321876,24.3825,24.545,24.1075,-0.007790876473603214,-0.03064596895343008,2015-09,-0.02255253716043058
2015-09-28,24.3875,8861136,24.61,24.7625,24.325,0.007852050831697488,-0.03147339158061957,2015-09,-0.02255253716043058
2015-09-25,24.6525,7595888,24.4325,24.895,24.2925,0.010866222450025553,0.0007103714227723046,2015-09,-0.02255253716043058
2015-09-24,24.38,11708296,24.1525,24.415,24.1175,-0.011053645674880874,0.010046607975142452,2015-09,-0.02255253716043058
2015-09-23,24.245,6479640,24.2775,24.3575,24.165,-0.005537325676784222,-0.005843157355202355,2015-09,-0.02255253716043058
2015-09-22,24.2625,10011788,24.32,24.48,24.145,0.0007217983089295998,0.0026862279161068425,2015-09,-0.02255253716043058
2015-09-21,24.5125,7881724,24.3775,24.645,24.3525,0.010303967027305516,0.005125576627370565,2015-09,-0.02255253716043058
2015-09-18,24.3225,25546080,24.685,24.9825,24.315,-0.0077511473737887915,-0.013386066321874002,2015-09,-0.02255253716043058
2015-09-17,24.675,11893536,24.3375,25.055,24.3,0.01449275362318847,0.012100082034454562,2015-09,-0.02255253716043058
2015-09-16,24.3775,11133468,24.0775,24.4575,24.075,-0.012056737588652444,0.005465044339038938,2015-09,-0.02255253716043058
2015-09-15,24.0575,13068388,24.0525,24.0938,23.8125,-0.013126858783714557,-0.008449252962390408,2015-09,-0.02255253716043058
2015-09-14,24.0325,12264504,23.965,24.185,23.895,-0.001039176971838418,-0.01958184599694035,2015-09,-0.02255253716043058
2015-09-11,23.9625,18495680,23.4475,23.9825,23.435,-0.0029127223551440595,-0.014801110083256352,2015-09,-0.02255253716043058
2015-09-10,23.8375,9977472,23.7975,24.04,23.75,-0.005216484089723528,-0.033941236068895764,2015-09,-0.02255253716043058
2015-09-09,23.825,9557688,24.4575,24.4825,23.785,-0.000524383848977461,-0.02266434211875712,2015-09,-0.02255253716043058
2015-09-08,24.2725,11679360,23.95,24.2875,23.925,0.018782791185729453,0.008936921957809485,2015-09,-0.02255253716043058
2015-09-04,23.655,11545716,23.55,23.815,23.51,-0.02544031311154593,-0.01570789555809826,2015-09,-0.02255253716043058
2015-09-03,23.7925,10100560,23.8775,24.0,23.6825,0.005812724582540563,-0.007094418362023958,2015-09,-0.02255253716043058
2015-09-02,23.76,13181056,23.9925,24.105,23.5875,-0.0013659766733213896,-0.003251179863660081,2015-09,-0.02255253716043058
2015-09-01,23.8375,14445316,24.33,24.3575,23.6625,0.0032617845117843824,0.0005246589716683125,2015-09,-0.02255253716043058
2015-08-31,24.6025,20435188,25.3425,25.3694,24.405,0.032092291557419994,0.013595632917911216,2015-08,0.09450259120008127
2015-08-28,25.455,9229956,25.5525,25.605,25.145,0.0346509501066965,0.07609384908053252,2015-08,0.09450259120008127
2015-08-27,25.565,12068632,25.59,25.6565,25.25,0.004321351404439344,0.07449826626037614,2015-08,0.09450259120008127
2015-08-26,25.415,13412180,25.2825,25.4838,24.9175,-0.005867396831605753,0.06965488215488214,2015-08,0.09450259120008127
2015-08-25,25.1275,15192208,26.175,26.2075,25.11,-0.011312217194570096,0.054116413214473136,2015-08,0.09450259120008127
2015-08-24,25.76,19775416,25.7525,26.4675,25.0,0.02517162471395884,0.04704806422111574,2015-08,0.09450259120008127
2015-08-21,26.74,11028056,26.9625,27.0625,26.6975,0.0380434782608694,0.05048124140640353,2015-08,0.09450259120008127
2015-08-20,27.0625,8223672,27.135,27.4175,27.045,0.012060583395661961,0.05857617836886364,2015-08,0.09450259120008127
2015-08-19,27.2675,9686292,27.2525,27.4025,26.995,0.007575057736720403,0.07289002557544744,2015-08,0.09450259120008127
2015-08-18,27.3775,7287476,27.2975,27.4675,27.18,0.004034106537086357,0.0895433290219878,2015-08,0.09450259120008127
2015-08-17,27.3825,5935464,27.3075,27.495,27.275,0.00018263172313037757,0.06298524844720488,2015-08,0.09450259120008127
2015-08-14,27.26,5754032,27.1825,27.265,26.9775,-0.0044736601844243,0.01944652206432318,2015-08,0.09450259120008127
2015-08-13,27.23,7236248,27.095,27.3025,26.805,-0.0011005135730007831,0.006189376443417993,2015-08,0.09450259120008127
2015-08-12,27.1,14127756,26.5875,27.1425,26.5,-0.004774146162320969,-0.006142844045108564,2015-08,0.09450259120008127
2015-08-11,26.6575,7881892,26.6675,27.0225,26.53,-0.016328413284132925,-0.026298968130764377,2015-08,0.09450259120008127
2015-08-10,26.6325,12003316,26.7725,26.8725,26.5075,-0.0009378223764417992,-0.02738975623116957,2015-08,0.09450259120008127
2015-08-07,26.75,6700928,26.435,26.9125,26.31,0.004411902750399044,-0.018708730741012536,2015-08,0.09450259120008127
2015-08-06,26.4375,11786468,26.5625,26.5813,26.3225,-0.011682242990654235,-0.029103929489533664,2015-08,0.09450259120008127
2015-08-05,26.49,7557716,26.73,26.785,26.485,0.001985815602836727,-0.02250922509225106,2015-08,0.09450259120008127
2015-08-04,26.635,12726252,26.93,26.995,26.595,0.005473763684409327,-0.0008440401387975749,2015-08,0.09450259120008127
2015-08-03,26.9275,18270152,27.12,27.3275,26.6388,0.010981790876665842,0.011076692011639855,2015-08,0.09450259120008127
2015-07-31,26.3,10185164,26.425,26.58,26.265,-0.023303314455482282,-0.016822429906542036,2015-07,-0.06435361216730034
2015-07-30,26.2225,7009344,26.055,26.325,25.9875,-0.002946768060836491,-0.00813238770685576,2015-07,-0.06435361216730034
2015-07-29,26.1475,8348956,25.935,26.17,25.7625,-0.002860139193440747,-0.012929407323518216,2015-07,-0.06435361216730034
2015-07-28,26.0225,11233516,25.8625,26.065,25.755,-0.004780571756382024,-0.022996057818659654,2015-07,-0.06435361216730034
2015-07-27,25.875,5823356,25.61,25.97,25.6025,-0.005668171774426023,-0.03908643579983284,2015-07,-0.06435361216730034
2015-07-24,25.57,4232052,25.4575,25.705,25.4425,-0.011787439613526574,-0.027756653992395464,2015-07,-0.06435361216730034
2015-07-23,25.5175,7789812,25.7,25.7125,25.305,-0.0020531873289011404,-0.026885308418343135,2015-07,-0.06435361216730034
2015-07-22,25.7,8381772,25.545,25.855,25.535,0.00715195454100126,-0.0171144468878478,2015-07,-0.06435361216730034
2015-07-21,25.5325,8643208,25.785,25.87,25.445,-0.006517509727626436,-0.01882985877605925,2015-07,-0.06435361216730034
2015-07-20,25.7875,8994544,25.9325,25.995,25.675,0.009987271125036834,-0.0033816425120772875,2015-07,-0.06435361216730034
2015-07-17,25.9125,6275300,26.1075,26.1275,25.8725,0.004847309743092554,0.013394603050449705,2015-07,-0.06435361216730034
2015-07-16,26.1075,9913208,25.7,26.2312,25.6775,0.007525325615050704,0.023121387283237205,2015-07,-0.06435361216730034
2015-07-15,25.6925,5037340,25.51,25.695,25.355,-0.015895815378722644,-0.00029182879377431803,2015-07,-0.06435361216730034
2015-07-14,25.4975,4930908,25.49,25.635,25.4075,-0.007589763549674,-0.001370801919122644,2015-07,-0.06435361216730034
2015-07-13,25.4925,5685128,25.5025,25.6025,25.33,-0.0001960976566329764,-0.011439650993698591,2015-07,-0.06435361216730034
2015-07-10,25.41,6037056,25.2875,25.5688,25.135,-0.003236245954692518,-0.019392185238784387,2015-07,-0.06435361216730034
2015-07-09,25.295,11294588,25.565,25.705,25.205,-0.004525777253049923,-0.03112132528966771,2015-07,-0.06435361216730034
2015-07-08,25.4875,10838572,25.6,25.7275,25.4875,0.007610199644198401,-0.007978982193246997,2015-07,-0.06435361216730034
2015-07-07,25.72,12375744,25.0625,25.925,25.0625,0.009122118685630065,0.008726345720168727,2015-07,-0.06435361216730034
2015-07-06,25.115,6876452,25.005,25.215,24.835,-0.023522550544323506,-0.014808276944199283,2015-07,-0.06435361216730034
2015-07-02,25.055,8877944,24.7425,25.1425,24.7375,-0.002389010551463233,-0.01397087760724125,2015-07,-0.06435361216730034
2015-07-01,24.6075,7578616,24.6025,24.6975,24.48,-0.017860706445819163,-0.027179284443565876,2015-07,-0.06435361216730034
2015-06-30,24.5075,10800848,24.645,24.76,24.4513,-0.004063801686477797,-0.03845022069641979,2015-06,0.0561052738957462
2015-06-29,24.5425,8041132,24.4275,24.9525,24.4275,0.0014281342446189615,-0.045781493001555096,2015-06,0.0561052738957462
2015-06-26,24.675,6910792,24.475,24.6975,24.3075,0.005398798003463323,-0.0175194107107306,2015-06,0.0561052738957462
2015-06-25,24.4975,5919232,24.7125,24.7575,24.465,-0.007193515704154052,-0.022251047695070914,2015-06,0.0561052738957462
2015-06-24,24.6325,6317528,24.8525,24.9775,24.6325,0.005510766404735135,0.0010159504216193938,2015-06,0.0561052738957462
2015-06-23,24.8225,6798896,25.15,25.22,24.805,0.00771338678575062,0.012853208201571098,2015-06,0.0561052738957462
2015-06-22,25.19,4985308,25.3675,25.4,25.135,0.01480511632591397,0.02638280533767956,2015-06,0.0561052738957462
2015-06-19,25.24,8404148,25.56,25.62,25.24,0.0019849146486699,0.022897669706180235,2015-06,0.0561052738957462
2015-06-18,25.565,8681064,25.1975,25.6,25.16,0.012876386687797226,0.043575875089294946,2015-06,0.0561052738957462
2015-06-17,25.175,8509844,24.8725,25.245,24.7725,-0.015255231762174915,0.022023749111945712,2015-06,0.0561052738957462
2015-06-16,24.8825,5038864,24.7825,24.9425,24.6475,-0.011618669314796493,0.0024171618491286573,2015-06,0.0561052738957462
2015-06-15,24.78,6126164,24.6225,24.9125,24.6225,-0.004119360996684418,-0.016276300119094866,2015-06,0.0561052738957462
2015-06-12,24.81,4722968,24.795,24.9575,24.7525,0.001210653753026536,-0.017036450079239263,2015-06,0.0561052738957462
2015-06-11,24.9175,5803648,24.905,24.985,24.7825,0.0043329302700525485,-0.025327596323098,2015-06,0.0561052738957462
2015-06-10,24.78,10831424,24.6925,24.8675,24.675,-0.005518210093307885,-0.01569016881827212,2015-06,0.0561052738957462
2015-06-09,24.5475,5770592,24.5325,24.6577,24.5175,-0.009382566585956487,-0.013463277403797935,2015-06,0.0561052738957462
2015-06-08,24.53,7328056,24.67,24.7175,24.5275,-0.0007129035543333995,-0.010088781275221947,2015-06,0.0561052738957462
2015-06-05,24.6925,9624144,24.8275,24.8325,24.635,0.006624541377904469,-0.004735993550987527,2015-06,0.0561052738957462
2015-06-04,25.0925,8868020,24.965,25.2225,24.9375,0.016199250784651342,0.007023176482391813,2015-06,0.0561052738957462
2015-06-03,25.055,11419052,25.43,25.6025,24.995,-0.001494470459300623,0.011097659402744098,2015-06,0.0561052738957462
2015-06-02,25.555,9636588,25.6975,25.7475,25.405,0.01995609658750741,0.04104287605662482,2015-06,0.0561052738957462
2015-06-01,25.8825,12547144,25.6375,26.095,25.61,0.01281549598904319,0.055136567468405895,2015-06,0.0561052738957462
2015-05-29,25.585,11191840,25.535,25.6925,25.3625,-0.011494252873563204,0.03614457831325302,2015-05,-0.004494821184287746
2015-05-28,25.5675,10481428,25.1875,25.5813,25.1875,-0.0006839945280437965,0.018929959151140707,2015-05,-0.004494821184287746
2015-05-27,25.2075,8504732,25.125,25.35,25.0775,-0.014080375476679396,0.006086609459189818,2015-05,-0.004494821184287746
2015-05-26,25.2575,13742684,25.5575,25.5675,25.1,0.001983536645839612,-0.011641557425161375,2015-05,-0.004494821184287746
2015-05-22,25.5575,5525384,25.5175,25.6275,25.38,0.01187766010096003,-0.012556746836665633,2015-05,-0.004494821184287746
2015-05-21,25.54,5361128,25.625,25.6875,25.4675,-0.0006847305096352452,-0.0017588430721126036,2015-05,-0.004494821184287746
2015-05-20,25.63,7882064,25.6325,25.85,25.5625,0.0035238841033673474,0.002444509631367886,2015-05,-0.004494821184287746
2015-05-19,25.6275,6118152,25.3875,25.7625,25.305,-9.754194303546182e-05,0.016661707825052163,2015-05,-0.004494821184287746
2015-05-18,25.575,7813604,25.46,25.71,25.435,-0.0020485806262804385,0.012570523606849404,2015-05,-0.004494821184287746
2015-05-15,25.535,11760336,25.3075,25.5575,25.3,-0.0015640273704790042,-0.0008803677981022995,2015-05,-0.004494821184287746
2015-05-14,25.27,7293512,25.145,25.315,25.1175,-0.01037791266888588,-0.01057165231010182,2015-05,-0.004494821184287746
2015-05-13,25.05,9204340,25.035,25.345,24.93,-0.0087059754649782,-0.022629730784237134,2015-05,-0.004494821184287746
2015-05-12,24.9775,8227784,24.9025,25.0895,24.705,-0.0028942115768463283,-0.025363379182518853,2015-05,-0.004494821184287746
2015-05-11,25.0025,8073300,25.25,25.465,24.9675,0.0010009008107296768,-0.022385141739980408,2015-05,-0.004494821184287746
2015-05-08,25.3025,9937916,25.495,25.7175,25.1,0.011998800119987996,-0.009105149794399914,2015-05,-0.004494821184287746
2015-05-07,25.15,8713180,25.1675,25.2425,25.0275,-0.006027072423673507,-0.00474871388998821,2015-05,-0.004494821184287746
2015-05-06,25.0075,12163372,24.995,25.1875,24.7775,-0.00566600397614303,-0.001696606786427135,2015-05,-0.004494821184287746
2015-05-05,25.0375,12636448,25.5575,25.6325,24.8885,0.0011996401079676922,0.002402161945751269,2015-05,-0.004494821184287746
2015-05-04,25.69,12277236,25.4625,25.985,25.345,0.026060908637044466,0.027497250274972407,2015-05,-0.004494821184287746
2015-05-01,25.47,9075468,25.25,25.5,25.05,-0.00856364344102778,0.006619899219444836,2015-05,-0.004494821184287746
2015-04-30,25.2325,15059688,25.58,25.725,25.0625,-0.009324695720455356,0.0032803180914513508,2015-04,0.03794709204399087
2015-04-29,25.675,9261220,25.8075,26.14,25.5925,0.017536906767066318,0.026691992402279263,2015-04,0.03794709204399087
2015-04-28,26.025,8058996,25.8225,26.1288,25.7375,0.013631937682570427,0.039440838741886974,2015-04,0.03794709204399087
2015-04-27,25.955,7215328,26.36,26.3625,25.86,-0.0026897214217098675,0.010315297781237742,2015-04,0.03794709204399087
2015-04-24,26.2625,6124052,26.0525,26.4475,25.975,0.011847428241186675,0.031115037298782955,2015-04,0.03794709204399087
2015-04-23,26.07,6742420,25.85,26.1475,25.79,-0.007329842931937169,0.03319132071732889,2015-04,0.03794709204399087
2015-04-22,25.8225,7294156,25.9075,25.97,25.665,-0.009493670886075889,0.0057448880233690325,2015-04,0.03794709204399087
2015-04-21,25.85,7843148,26.125,26.295,25.7875,0.0010649627263046302,-0.006724303554274669,2015-04,0.03794709204399087
2015-04-20,26.125,9675408,25.8375,26.3275,25.7775,0.010638297872340274,0.006549797726834949,2015-04,0.03794709204399087
2015-04-17,25.7875,5973796,25.8175,26.06,25.6875,-0.01291866028708133,-0.018086625416468216,2015-04,0.03794709204399087
2015-04-16,25.94,6770788,25.9525,26.1026,25.735,0.005913717886572911,-0.004986574606827721,2015-04,0.03794709204399087
2015-04-15,26.045,6437208,26.1575,26.4075,26.0375,0.004047802621434116,0.008616516603737079,2015-04,0.03794709204399087
2015-04-14,26.09,4171484,26.0375,26.1975,25.9775,0.001727778844307748,0.00928433268858786,2015-04,0.03794709204399087
2015-04-13,25.9375,4787360,26.1175,26.203,25.91,-0.005845151399003434,-0.0071770334928229484,2015-04,0.03794709204399087
2015-04-10,26.225,3734096,26.065,26.29,25.98,0.011084337349397622,0.01696558410082405,2015-04,0.03794709204399087
2015-04-09,26.0025,5282592,25.97,26.025,25.735,-0.008484270734032462,0.0024094063222821482,2015-04,0.03794709204399087
2015-04-08,26.01,5710592,25.99,26.085,25.8225,0.00028843380444198985,-0.00134382799001731,2015-04,0.03794709204399087
2015-04-07,26.0725,4168044,26.3525,26.44,26.0475,0.002402921953094994,-0.000670755078574059,2015-04,0.03794709204399087
2015-04-06,26.385,6706804,26.305,26.6575,26.2825,0.011985808802377873,0.01725301204819285,2015-04,0.03794709204399087
2015-04-02,26.1875,5280620,26.155,26.3175,26.0675,-0.0074853136251659125,-0.0014299332697808032,2015-04,0.03794709204399087
2015-04-01,26.19,7568448,25.985,26.29,25.715,9.546539379479135e-05,0.007210845111047082,2015-04,0.03794709204399087
2015-03-31,26.0125,9165316,26.1125,26.2475,25.8475,-0.0067773959526538086,9.611687812371983e-05,2015-03,-0.024123017779913415
2015-03-30,26.185,6351664,26.0825,26.265,25.945,0.006631427198462214,0.004314891168855972,2015-03,-0.024123017779913415
2015-03-27,25.885,6068084,25.74,26.0075,25.685,-0.011456940996753762,-0.018950161076369154,2015-03,-0.024123017779913415
2015-03-26,25.68,6851460,25.7025,25.945,25.575,-0.007919644581804164,-0.019379474940334096,2015-03,-0.024123017779913415
2015-03-25,25.855,6805256,26.21,26.3075,25.855,0.0068146417445482665,-0.01279114165712103,2015-03,-0.024123017779913415
2015-03-24,26.21,8424488,26.335,26.59,26.1875,0.013730419648037229,0.007592503604036516,2015-03,-0.024123017779913415
2015-03-23,26.435,9677760,26.2675,26.545,26.2675,0.008584509729110845,0.009547450830628135,2015-03,-0.024123017779913415
2015-03-20,26.4975,27414072,26.4925,26.7225,26.205,0.002364289767353922,0.023662352713926804,2015-03,-0.024123017779913415
2015-03-19,26.37,11389864,26.625,26.8675,26.2375,-0.004811774695725912,0.02686915887850483,2015-03,-0.024123017779913415
2015-03-18,26.725,15167744,25.815,26.8475,25.7475,0.013462267728479249,0.033649197447302326,2015-03,-0.024123017779913415
2015-03-17,25.82,8612312,25.75,26.0,25.6775,-0.03386342376052387,-0.014879816863792472,2015-03,-0.024123017779913415
2015-03-16,25.7425,13684308,25.4325,25.99,25.4025,-0.003001549186677055,-0.026196330622280994,2015-03,-0.024123017779913415
2015-03-13,25.1525,13275072,25.09,25.2413,24.875,-0.022919296882587203,-0.0507595056137371,2015-03,-0.024123017779913415
2015-03-12,25.13,12999308,24.695,25.3175,24.67,-0.000894543285955729,-0.04702313234736455,2015-03,-0.024123017779913415
2015-03-11,24.495,9078348,24.645,24.7625,24.38,-0.025268603263032152,-0.08344246959775492,2015-03,-0.024123017779913415
2015-03-10,24.4975,13715780,24.37,24.8875,24.37,0.00010206164523363093,-0.051219984508133254,2015-03,-0.024123017779913415
2015-03-09,24.7325,9764696,24.695,24.885,24.645,0.00959281559342795,-0.03923472856171695,2015-03,-0.024123017779913415
2015-03-06,24.675,12492572,25.21,25.21,24.5575,-0.002324876175073376,-0.01898419640194804,2015-03,-0.024123017779913415
2015-03-05,25.5325,7867328,25.4575,25.74,25.405,0.034751773049645385,0.016016713091921986,2015-03,-0.024123017779913415
2015-03-04,25.3475,11915152,25.405,25.52,25.2688,-0.007245667286791324,0.03480302102469879,2015-03,-0.024123017779913415
2015-03-03,25.485,8014528,25.31,25.54,25.1425,0.005424598086596344,0.040310235738340694,2015-03,-0.024123017779913415
2015-03-02,25.385,9909372,25.75,25.8475,25.1775,-0.003923876790268732,0.02638229050844032,2015-03,-0.024123017779913415
2015-02-27,25.865,6523468,25.95,26.01,25.7375,0.018908804412054225,0.04822695035460978,2015-02,0.06388942586506863
2015-02-26,25.87,6974596,26.0175,26.1075,25.8025,0.00019331142470524476,0.013218447077254503,2015-02,0.06388942586506863
2015-02-25,25.945,8103520,26.305,26.365,25.87,0.002899110939311944,0.02357234441266387,2015-02,0.06388942586506863
2015-02-24,26.52,7481152,26.43,26.7625,26.365,0.022162266332626634,0.04061212477928189,2015-02,0.06388942586506863
2015-02-23,26.4975,6257168,26.435,26.555,26.3225,-0.0008484162895927572,0.0438250935591884,2015-02,0.06388942586506863
2015-02-20,26.4,6803776,26.3125,26.49,26.07,-0.003679592414378763,0.020684322443456304,2015-02,0.06388942586506863
2015-02-19,26.3575,13082464,26.7375,26.7375,26.2575,-0.001609848484848353,0.018844221105527748,2015-02,0.06388942586506863
2015-02-18,26.6225,9637868,25.8725,26.636,25.855,0.010054064308071542,0.02611293120061653,2015-02,0.06388942586506863
2015-02-17,25.855,11423468,25.875,26.1925,25.675,-0.028828998027983777,-0.025075414781297156,2015-02,0.06388942586506863
2015-02-13,25.905,9948948,26.215,26.2175,25.77,0.0019338619222588616,-0.022360600056609004,2015-02,0.06388942586506863
2015-02-12,26.335,9439252,26.2625,26.3425,25.96,0.01659911214051335,-0.0024621212121210823,2015-02,0.06388942586506863
2015-02-11,26.265,8520420,26.795,26.81,26.2125,-0.002658059616480024,-0.003509437541496796,2015-02,0.06388942586506863
2015-02-10,26.9575,13585392,26.2,27.01,26.1375,0.026365886160289342,0.012583341158794337,2015-02,0.06388942586506863
2015-02-09,26.13,8292008,26.415,26.59,26.045,-0.03069646666048409,0.010636240572423183,2015-02,0.06388942586506863
2015-02-06,26.45,8789388,27.3225,27.3487,26.265,0.012246460007653948,0.021038409573441275,2015-02,0.06388942586506863
2015-02-05,27.4275,5231704,27.455,27.5225,27.2075,0.03695652173913033,0.04148471615720517,2015-02,0.06388942586506863
2015-02-04,27.36,6255116,27.495,27.6575,27.2838,-0.0024610336341263084,0.04169046259280407,2015-02,0.06388942586506863
2015-02-03,27.56,8642212,27.505,27.6175,27.29,0.007309941520467822,0.022349995363071473,2015-02,0.06388942586506863
2015-02-02,27.5175,7202848,27.3825,27.5475,27.005,-0.001542089985486217,0.05309988518943731,2015-02,0.06388942586506863
2015-01-30,27.31,7745764,27.865,27.8762,27.29,-0.007540655946216002,0.03251417769376186,2015-01,-0.023343097766385913
2015-01-29,27.915,6823780,27.545,27.93,27.43,0.022153057488099703,0.017774131802023474,2015-01,-0.023343097766385913
2015-01-28,27.48,8128968,27.82,28.16,27.44,-0.0155830198817839,0.004385964912280826,2015-01,-0.023343097766385913
2015-01-27,27.805,8527568,27.4675,27.8768,27.1575,0.011826783114992745,0.008889695210450022,2015-01,-0.023343097766385913
2015-01-26,27.4375,5528624,27.3275,27.445,27.155,-0.013217047293652251,-0.002907240846733883,2015-01,-0.023343097766385913
2015-01-23,27.37,6740676,27.47,27.555,27.335,-0.0024601366742595943,0.002196997436836323,2015-01,-0.023343097766385913
2015-01-22,27.3875,9288612,27.57,27.68,27.1275,0.0006393861892581842,-0.018896650546301297,2015-01,-0.023343097766385913
2015-01-21,27.4725,11798116,27.075,27.5625,26.9425,0.003103605659516173,-0.00027292576419213344,2015-01,-0.023343097766385913
2015-01-20,27.2325,7398036,27.1525,27.2725,26.88,-0.00873600873600866,-0.020589821974464906,2015-01,-0.023343097766385913
2015-01-16,27.055,7869816,26.7825,27.08,26.7225,-0.006517947305609173,-0.013940774487471552,2015-01,-0.023343097766385913
2015-01-15,26.76,17298832,26.8825,26.9575,26.53,-0.010903714655331687,-0.022287175739861165,2015-01,-0.023343097766385913
2015-01-14,26.8625,7327408,26.4475,26.9,26.375,0.003830343796711544,-0.019169329073482344,2015-01,-0.023343097766385913
2015-01-13,26.6975,6757292,26.8225,27.1148,26.5475,-0.006142391810144199,-0.02821002821002816,2015-01,-0.023343097766385913
2015-01-12,26.5925,5827948,26.625,26.8375,26.41,-0.003932952523644562,-0.02350133113008357,2015-01,-0.023343097766385913
2015-01-09,26.66,6123064,26.9325,27.005,26.5925,0.0025383096737801036,-0.014599889114766174,2015-01,-0.023343097766385913
2015-01-08,26.8975,7620460,26.9675,27.0575,26.8275,0.008908477119279778,0.005138266068759334,2015-01,-0.023343097766385913
2015-01-07,26.735,7291952,26.8975,26.99,26.5175,-0.006041453666697727,-0.004746393671475113,2015-01,-0.023343097766385913
2015-01-06,26.4925,10624368,26.48,26.9775,26.44,-0.009070506826257652,-0.007678621593782298,2015-01,-0.023343097766385913
2015-01-05,26.39,8153596,26.645,26.6925,26.2975,-0.0038690195338303424,-0.007614929021340644,2015-01,-0.023343097766385913
2015-01-02,26.6725,6462268,26.6575,26.7825,26.345,0.010704812428950383,0.0004688672168042807,2015-01,-0.023343097766385913
2014-12-31,26.5725,5991180,26.9625,27.1175,26.545,-0.00374917986690404,-0.012082907333395232,2014-12,-0.05296829428920886
2014-12-30,26.9575,5746032,27.61,27.61,26.905,0.014488663091541953,0.00832242378904069,2014-12,-0.05296829428920886
2014-12-29,27.625,7808820,27.2775,27.71,27.265,0.02476119818232414,0.042747947532320474,2014-12,-0.05296829428920886
2014-12-26,27.3225,8804112,27.07,27.4225,27.0025,-0.01095022624434383,0.035335354300871646,2014-12,-0.05296829428920886
2014-12-24,26.995,4615332,26.6275,27.1425,26.585,-0.011986458047396842,0.01209110507076594,2014-12,-0.05296829428920886
2014-12-23,26.58,5086308,26.59,26.6975,26.4475,-0.015373217262456107,0.00028224668360143923,2014-12,-0.05296829428920886
2014-12-22,26.485,6576212,26.465,26.5575,26.3125,-0.003574115876598949,-0.017527589724566472,2014-12,-0.05296829428920886
2014-12-19,26.4675,13940124,26.42,26.6075,26.1975,-0.0006607513686992528,-0.04190045248868779,2014-12,-0.05296829428920886
2014-12-18,26.3625,8795128,26.01,26.3675,25.8,-0.0039671294984414684,-0.03513587702443044,2014-12,-0.05296829428920886
2014-12-17,25.78,11038960,25.33,25.83,25.215,-0.022095779990516817,-0.04500833487682898,2014-12,-0.05296829428920886
2014-12-16,25.27,10598192,25.2175,25.6275,25.0175,-0.019782777346780467,-0.049285176824680144,2014-12,-0.05296829428920886
2014-12-15,25.165,11302152,25.4625,25.4875,24.8919,-0.0041551246537396835,-0.04983953181045875,2014-12,-0.05296829428920886
